# Mask color -> XYZ coordinate (one-to-one)
# Format:  R,G,B -> X,Y,Z
#   R,G,B are 0-255 ; X,Y,Z are integers 0-65535
# Lines starting with # are ignored.
#
# Add as many lines as you need and re-run:  python bake.py
#
81,136,255   -> 4110,4,2143
81,165,254   -> 4091,4,2036
81,135,232   -> 4166,4,2055
19,53,133    -> 3461,4,2634
19,46,146    -> 3494,4,2560
18,66,166    -> 3536,4,2783
19,46,156    -> 3537,4,2627
121,151,141  -> 3549,4,1958
161,151,141  -> 3549,4,2120
141,100,100  -> 3553,4,2319
141,130,130  -> 3573,4,2250
19,66,166    -> 3575,4,2521
17,42,142    -> 3589,4,2428
18,55,141    -> 3590,4,2712
131,131,141  -> 3607,4,2010
18,43,143    -> 3607,4,2867
151,141,151  -> 3619,4,1905
141,141,141  -> 3619,4,2089
10,41,151    -> 3621,4,2603
18,41,141    -> 3630,4,2794
17,62,162    -> 3639,4,2478
141,120,120  -> 3645,4,2293
145,141,141  -> 3681,4,2172
20,65,150    -> 3682,4,2714
20,55,165    -> 3690,4,2536
17,50,150    -> 3699,4,2429
18,51,151    -> 3711,4,2883
125,141,151  -> 3712,4,2091
20,50,156    -> 3723,4,2792
18,58,138    -> 3727,4,2364
135,141,151  -> 3738,4,2280
20,60,166    -> 3741,4,2660
5,45,155     -> 3758,4,2580
155,141,151  -> 3766,4,2154
10,45,155    -> 3774,4,2491
20,52,156    -> 3784,4,2727
81,131,199   -> 3816,4,2300
9,65,165     -> 3827,4,2653
81,109,206   -> 3865,4,2361
9,55,160     -> 3871,4,2736
9,60,160     -> 3889,4,2677
81,140,209   -> 3911,4,2291
14,45,155    -> 3938,4,2866
11,50,160    -> 3955,4,2784
81,115,234   -> 4006,4,2342
10,46,155    -> 4014,4,2722
81,125,219   -> 4016,4,2248
10,65,175    -> 4064,4,2804
12,58,168    -> 4090,4,2718
81,155,243   -> 4104,4,1961
81,140,219   -> 4105,4,2326
81,119,249   -> 4111,4,2250
81,145,241   -> 4188,4,1936
81,125,229   -> 4204,4,2222
81,109,199   -> 4205,4,2354
81,155,237   -> 4224,4,2110
81,155,222   -> 4235,4,2013
81,155,247   -> 4261,4,1845
81,108,213   -> 4278,4,2283
81,125,216   -> 4297,4,2124
124,149,79   -> 4301,4,1666
81,113,216   -> 4306,4,1935
81,126,233   -> 4314,4,2027
81,99,239    -> 4319,4,2207
134,139,79   -> 4351,4,1735
81,135,240   -> 4351,4,1856
131,140,77   -> 4382,4,2079
144,139,79   -> 4384,4,1668
118,139,79   -> 4417,4,1809
123,129,79   -> 4435,4,1735
141,130,77   -> 4455,4,2020
151,140,77   -> 4455,4,2108
158,159,79   -> 4462,4,1939
143,159,79   -> 4493,4,1677
151,150,77   -> 4516,4,2065
148,149,79   -> 4522,4,1847
138,149,79   -> 4542,4,1927
133,139,79   -> 4555,4,1732
153,139,79   -> 4583,4,1652
168,145,85   -> 4586,4,2037
128,129,79   -> 4617,4,1902
126,150,80   -> 4658,4,1825
168,145,79   -> 4667,4,1970
168,155,69   -> 4712,4,2076
136,130,80   -> 4746,4,1820
168,155,89   -> 4757,4,1943
157,150,78   -> 4770,4,2231
168,145,75   -> 4788,4,2033
167,145,78   -> 4794,4,2306
156,135,80   -> 4824,4,1864
147,140,78   -> 4869,4,2234
147,160,78   -> 4874,4,2312
137,150,78   -> 4885,4,2154
146,130,80   -> 4888,4,1937
146,165,80   -> 4891,4,2037
146,145,80   -> 4944,4,2100
74,30,35     -> 2324,4,2477
41,44,138    -> 2354,4,2943
41,49,118    -> 2362,4,3028
64,25,35     -> 2368,4,2381
84,30,35     -> 2415,4,2454
41,44,128    -> 2433,4,2978
41,49,148    -> 2455,4,3049
106,24,34    -> 2546,4,2242
95,19,24     -> 2567,4,2367
105,19,34    -> 2602,4,2301
76,24,29     -> 2618,4,2186
75,19,24     -> 2650,4,2385
32,54,114    -> 2667,4,3099
96,24,24     -> 2707,4,2212
51,23,33     -> 2733,4,2084
37,54,124    -> 2749,4,3125
71,23,23     -> 2773,4,2139
71,77,137    -> 2786,4,3189
81,24,29     -> 2801,4,2253
81,23,28     -> 2819,4,2183
71,73,113    -> 2823,4,1868
75,92,128    -> 2836,4,2071
49,45,116    -> 2854,4,2988
71,67,147    -> 2863,4,3158
61,24,24     -> 2864,4,2302
49,45,126    -> 2870,4,2836
114,101,32   -> 2881,4,2515
85,92,108    -> 2887,4,1978
71,67,127    -> 2887,4,3084
85,36,51     -> 2889,4,2224
71,93,123    -> 2890,4,1903
71,103,118   -> 2891,4,1829
49,45,96     -> 2896,4,2937
101,28,28    -> 2911,4,2349
38,74,4      -> 2942,4,2698
49,50,76     -> 2943,4,2789
49,55,136    -> 2956,4,2874
65,36,41     -> 2961,4,2183
114,121,32   -> 2965,4,2502
71,77,157    -> 2966,4,3121
114,139,90   -> 2967,4,1800
81,82,132    -> 2976,4,1964
38,44,14     -> 2986,4,2640
37,32,92     -> 2988,4,2944
81,28,28     -> 2992,4,2371
114,139,70   -> 2993,4,1735
111,28,33    -> 2998,4,2302
38,84,14     -> 3002,4,2574
129,167,51   -> 3003,4,1377
114,139,60   -> 3016,4,1664
81,92,132    -> 3037,4,1897
37,32,122    -> 3055,4,2944
129,172,41   -> 3061,4,1445
38,64,4      -> 3069,4,2614
129,167,61   -> 3075,4,1531
71,28,28     -> 3075,4,2288
81,72,132    -> 3093,4,1959
45,41,84     -> 3102,4,2737
110,102,140  -> 3104,4,2042
37,42,112    -> 3118,4,2994
45,41,124    -> 3121,4,2810
143,162,51   -> 3122,4,1830
46,85,15     -> 3126,4,2670
48,49,20     -> 3132,4,2456
143,167,61   -> 3156,4,1758
50,82,40     -> 3161,4,2295
112,163,62   -> 3163,4,1512
110,112,125  -> 3163,4,2006
110,92,135   -> 3168,4,2075
55,72,40     -> 3173,4,2164
112,168,42   -> 3174,4,1664
139,154,43   -> 3178,4,1323
139,164,53   -> 3188,4,1426
143,172,31   -> 3197,4,1839
48,69,15     -> 3209,4,2448
81,50,168    -> 3218,4,3015
45,46,104    -> 3222,4,2802
55,52,40     -> 3223,4,2240
81,60,169    -> 3223,4,2893
113,78,38    -> 3241,4,1206
85,92,144    -> 3243,4,1965
42,27,148    -> 3254,4,3124
137,156,48   -> 3262,4,1762
48,89,15     -> 3278,4,2323
90,102,144   -> 3290,4,1893
57,105,20    -> 3297,4,2499
57,65,20     -> 3297,4,2586
40,42,131    -> 3308,4,2742
139,164,73   -> 3309,4,1530
139,154,33   -> 3312,4,1422
137,161,58   -> 3316,4,1809
113,93,8     -> 3323,4,1201
81,60,171    -> 3327,4,3006
113,73,18    -> 3348,4,1272
42,27,128    -> 3349,4,3086
57,85,20     -> 3360,4,2658
137,156,68   -> 3366,4,1765
80,82,144    -> 3369,4,1924
40,47,141    -> 3369,4,2790
72,106,40    -> 3380,4,2370
113,93,48    -> 3392,4,1180
121,137,55   -> 3400,4,1604
30,35,113    -> 3406,4,2863
42,27,138    -> 3408,4,3152
121,147,45   -> 3411,4,1541
42,47,168    -> 3424,4,3030
95,37,87     -> 3435,4,2115
62,96,40     -> 3443,4,2411
30,45,123    -> 3445,4,2930
133,149,68   -> 3461,4,1384
72,116,40    -> 3464,4,2321
121,142,35   -> 3466,4,1592
102,88,36    -> 3470,4,1050
25,42,162    -> 3477,4,3232
31,60,110    -> 3496,4,3078
25,47,132    -> 3499,4,3155
25,42,142    -> 3519,4,3304
31,60,120    -> 3523,4,2966
30,35,103    -> 3531,4,2883
92,4,5       -> 3557,4,1578
31,75,130    -> 3558,4,3030
141,111,48   -> 3559,4,1129
108,89,30    -> 3562,4,1429
25,52,172    -> 3579,4,3140
138,123,45   -> 3582,4,922
25,42,172    -> 3591,4,3196
141,126,38   -> 3605,4,1196
31,75,140    -> 3608,4,2974
79,4,5       -> 3624,4,1667
108,104,40   -> 3628,4,1365
64,14,15     -> 3632,4,1752
72,4,15      -> 3640,4,1569
138,123,35   -> 3643,4,991
141,106,28   -> 3655,4,1254
105,87,2     -> 3677,4,1104
138,118,25   -> 3681,4,876
59,14,15     -> 3695,4,1813
141,121,58   -> 3701,4,1311
69,4,5       -> 3708,4,1696
108,96,19    -> 3709,4,950
108,104,50   -> 3709,4,1393
77,4,5       -> 3725,4,1537
82,4,5       -> 3760,4,1464
105,97,52    -> 3763,4,1187
108,106,29   -> 3768,4,823
105,97,42    -> 3769,4,1101
109,91,50    -> 3770,4,1262
74,4,5       -> 3790,4,1628
108,106,39   -> 3810,4,959
109,86,30    -> 3826,4,1369
87,14,5      -> 3828,4,1528
70,80,160    -> 3843,4,2580
109,96,40    -> 3846,4,1292
105,82,22    -> 3850,4,1178
108,96,49    -> 3866,4,852
70,70,165    -> 3874,4,2523
89,14,15     -> 3884,4,1615
81,4,5       -> 3900,4,1471
70,70,155    -> 3910,4,2451
126,113,23   -> 3917,4,1011
70,80,180    -> 3919,4,2608
126,123,43   -> 3920,4,930
127,112,11   -> 3934,4,1249
127,117,31   -> 3936,4,1162
70,60,160    -> 3942,4,2525
84,14,5      -> 3943,4,1687
94,4,15      -> 3979,4,1619
66,14,5      -> 3987,4,1449
126,103,53   -> 3988,4,1083
70,70,175    -> 3988,4,2631
70,75,150    -> 3990,4,2435
61,4,15      -> 4004,4,1535
70,80,145    -> 4021,4,2500
109,4,5      -> 4027,4,1789
126,123,33   -> 4040,4,986
104,14,5     -> 4042,4,1725
70,75,170    -> 4053,4,2597
70,70,135    -> 4071,4,2421
76,24,25     -> 4092,4,1463
94,16,44     -> 4099,4,1186
70,80,130    -> 4110,4,2524
99,14,15     -> 4127,4,1744
70,80,140    -> 4149,4,2432
71,14,15     -> 4162,4,1396
84,16,34     -> 4179,4,1144
96,4,5       -> 4188,4,1509
73,164,166   -> 4199,4,3000
70,80,120    -> 4205,4,2618
114,4,5      -> 4216,4,1758
91,14,15     -> 4225,4,1628
70,65,125    -> 4228,4,2538
86,4,15      -> 4240,4,1561
89,16,24     -> 4242,4,1261
63,154,166   -> 4242,4,2918
70,75,115    -> 4247,4,2452
92,31,82     -> 4293,4,1158
96,10,45     -> 4299,4,1371
167,233,228  -> 4309,4,2589
70,80,110    -> 4326,4,2508
88,19,27     -> 4328,4,1556
87,31,52     -> 4333,4,1241
167,228,223  -> 4335,4,2745
167,228,227  -> 4347,4,2946
157,228,227  -> 4363,4,2876
88,55,77     -> 4365,4,3258
92,31,72     -> 4385,4,1188
172,228,213  -> 4387,4,2796
91,115,79    -> 4389,4,2265
179,223,203  -> 4391,4,2452
179,223,208  -> 4408,4,2551
172,248,228  -> 4411,4,2638
88,19,37     -> 4412,4,1506
172,228,218  -> 4424,4,2722
121,110,79   -> 4428,4,2207
117,75,43    -> 4431,4,454
162,223,227  -> 4434,4,2954
78,55,62     -> 4450,4,3221
77,21,69     -> 4454,4,1399
82,21,39     -> 4456,4,1233
35,73,15     -> 4456,4,2396
82,21,59     -> 4467,4,1310
179,223,223  -> 4468,4,2503
172,243,223  -> 4480,4,2787
179,223,218  -> 4489,4,2586
101,110,79   -> 4495,4,2276
172,224,208  -> 4495,4,2676
35,63,30     -> 4527,4,2438
77,21,29     -> 4538,4,1344
81,74,57     -> 4539,4,2196
35,43,25     -> 4548,4,2368
72,21,79     -> 4551,4,1417
94,27,51     -> 4557,4,1505
63,65,77     -> 4557,4,3133
172,234,208  -> 4560,4,2825
179,238,213  -> 4562,4,2551
73,122,65    -> 4584,4,2726
156,147,159  -> 4590,4,1263
104,27,71    -> 4600,4,1568
51,74,52     -> 4616,4,2219
172,231,213  -> 4618,4,2873
156,132,139  -> 4619,4,1177
61,74,57     -> 4620,4,2113
68,117,65    -> 4623,4,2664
58,45,77     -> 4624,4,3187
35,83,25     -> 4635,4,2390
23,62,31     -> 4639,4,2477
172,223,219  -> 4655,4,2802
78,122,55    -> 4675,4,2559
63,35,77     -> 4676,4,3263
58,15,77     -> 4683,4,3097
71,74,52     -> 4685,4,2219
63,107,65    -> 4687,4,2707
111,79,94    -> 4691,4,1701
111,109,94   -> 4692,4,1567
23,42,16     -> 4694,4,2328
23,72,16     -> 4709,4,2430
139,135,123  -> 4724,4,1384
63,25,77     -> 4741,4,3174
63,132,55    -> 4746,4,2513
68,112,40    -> 4754,4,2807
23,42,31     -> 4756,4,2378
30,42,85     -> 4766,4,3052
75,43,70     -> 4775,4,3286
113,139,128  -> 4793,4,1165
73,117,40    -> 4804,4,2885
63,117,60    -> 4816,4,2718
179,165,152  -> 4819,4,1415
68,117,55    -> 4834,4,2422
73,107,55    -> 4834,4,2527
143,139,128  -> 4841,4,1239
73,117,60    -> 4842,4,2635
40,42,95     -> 4851,4,3049
63,107,40    -> 4854,4,2818
133,139,128  -> 4855,4,1120
65,48,70     -> 4874,4,3284
78,112,40    -> 4879,4,2910
179,175,142  -> 4901,4,1441
78,107,55    -> 4903,4,2462
179,175,162  -> 4904,4,1354
68,122,60    -> 4908,4,2697
116,94,106   -> 4927,4,1573
68,122,50    -> 4928,4,2532
63,117,50    -> 4928,4,2610
45,42,55     -> 4933,4,3164
60,72,92     -> 4935,4,2993
134,130,147  -> 4953,4,1154
106,114,106  -> 4958,4,1650
134,120,127  -> 4964,4,1087
179,175,132  -> 4973,4,1485
73,117,50    -> 4979,4,2475
60,57,72     -> 5012,4,2954
63,107,45    -> 5017,4,2650
114,100,97   -> 5020,4,1355
49,13,56     -> 5026,4,1744
134,125,117  -> 5027,4,1153
67,52,96     -> 5033,4,3159
73,23,3      -> 5044,4,2095
79,28,56     -> 5045,4,1910
114,90,102   -> 5049,4,1284
68,107,50    -> 5061,4,2514
63,33,23     -> 5062,4,2005
60,72,102    -> 5074,4,3008
59,18,56     -> 5081,4,1828
68,122,45    -> 5087,4,2599
73,117,45    -> 5090,4,2671
60,62,62     -> 5097,4,2933
114,110,112  -> 5100,4,1409
78,43,3      -> 5121,4,2244
89,23,56     -> 5127,4,1908
68,43,33     -> 5131,4,2026
50,63,79     -> 5143,4,1162
92,63,37     -> 5162,4,2411
123,73,26    -> 5166,4,2477
76,83,81     -> 5169,4,2890
122,68,37    -> 5170,4,2324
128,63,46    -> 5172,4,2622
123,73,46    -> 5215,4,2551
84,32,26     -> 5224,4,1834
76,103,81    -> 5227,4,2747
112,53,37    -> 5232,4,2378
118,73,36    -> 5234,4,2464
113,63,36    -> 5256,4,2644
111,68,39    -> 5258,4,2238
82,63,37     -> 5260,4,2310
84,47,46     -> 5274,4,1919
84,27,56     -> 5282,4,2008
42,81,96     -> 5294,4,1624
121,73,39    -> 5302,4,2176
131,58,39    -> 5306,4,2093
117,59,51    -> 5314,4,2410
101,53,23    -> 5329,4,2690
84,27,36     -> 5346,4,1960
112,39,51    -> 5351,4,2493
107,69,51    -> 5400,4,2372
109,136,151  -> 5405,4,1861
91,43,43     -> 5420,4,2678
112,29,41    -> 5433,4,2529
110,39,65    -> 5453,4,707
91,38,13     -> 5493,4,2592
91,48,33     -> 5504,4,2662
100,44,65    -> 5531,4,685
49,106,141   -> 5549,4,1668
44,106,111   -> 5574,4,1739
59,106,131   -> 5649,4,1707
49,51,107    -> 2470,4,2614
70,66,105    -> 2538,4,2497
43,40,88     -> 2553,4,2862
37,54,134    -> 2558,4,3066
65,44,97     -> 2624,4,2699
65,19,24     -> 2669,4,2298
46,41,69     -> 2678,4,2926
45,54,97     -> 2698,4,2746
114,131,42   -> 2783,4,2491
95,36,46     -> 3077,4,2116
112,163,72   -> 3095,4,1622
112,178,52   -> 3203,4,1579
45,51,114    -> 3205,4,2734
46,55,5      -> 3222,4,2532
81,70,170    -> 3267,4,2955
82,22,81     -> 3392,4,2162
102,88,26    -> 3424,4,1112
133,139,48   -> 3442,4,1459
105,97,12    -> 3832,4,1048
43,164,166   -> 4139,4,2872
95,54,26     -> 4213,4,861
172,233,231  -> 4316,4,2668
95,61,30     -> 4348,4,703
94,27,50     -> 4376,4,1091
127,65,43    -> 4412,4,605
172,238,227  -> 4441,4,2880
74,37,50     -> 4447,4,1068
81,46,20     -> 4514,4,750
126,71,34    -> 4569,4,917
84,22,50     -> 4580,4,1049
139,125,143  -> 4661,4,1451
156,147,119  -> 4710,4,1165
114,44,95    -> 4726,4,814
156,152,149  -> 4730,4,1241
126,55,107   -> 4838,4,973
35,42,75     -> 4838,4,3127
136,68,110   -> 4918,4,714
146,68,110   -> 4928,4,777
45,53,70     -> 4981,4,3276
126,68,110   -> 4987,4,747
106,114,96   -> 5018,4,1558
67,52,76     -> 5086,4,3237
104,52,93    -> 5111,4,954
50,58,89     -> 5140,4,1060
39,28,56     -> 5156,4,1782
50,63,99     -> 5173,4,1233
126,51,102   -> 5199,4,808
62,91,96     -> 5219,4,1694
95,40,127    -> 5223,4,3575
32,91,96     -> 5306,4,1525
83,44,102    -> 5316,4,3504
114,126,151  -> 5327,4,1815
22,91,96     -> 5331,4,1701
48,79,91     -> 5336,4,1347
125,78,109   -> 5347,4,851
95,45,117    -> 5397,4,3623
73,140,98    -> 5443,4,1628
64,95,102    -> 5466,4,1044
73,130,93    -> 5477,4,1564
73,110,98    -> 5480,4,1472
54,106,121   -> 5501,4,1724
47,54,134    -> 2775,4,3060
38,84,19     -> 2919,4,2449
95,92,108    -> 2939,4,2054
37,47,92     -> 3013,4,3025
70,82,144    -> 3450,4,1895
102,88,46    -> 3549,4,1018
68,55,67     -> 4545,4,3240
57,52,66     -> 5117,4,3156
114,80,102   -> 5185,4,1390
55,54,97     -> 2622,4,2787
80,76,105    -> 2717,4,2624
46,21,69     -> 2750,4,2938
80,92,138    -> 2811,4,1993
114,131,37   -> 2896,4,2644
114,144,50   -> 2931,4,1704
55,36,41     -> 3043,4,2191
143,172,41   -> 3050,4,1806
46,75,10     -> 3067,4,2519
46,95,15     -> 3150,4,2578
48,89,10     -> 3213,4,2363
57,95,20     -> 3264,4,2662
40,57,151    -> 3305,4,2823
42,37,168    -> 3329,4,3163
67,76,40     -> 3377,4,2461
133,154,38   -> 3395,4,1351
40,57,121    -> 3448,4,2784
102,83,16    -> 3481,4,1158
127,117,21   -> 4011,4,1191
85,54,36     -> 4104,4,882
43,154,166   -> 4139,4,2935
111,55,17    -> 4162,4,983
84,16,64     -> 4165,4,1223
105,61,40    -> 4313,4,768
93,19,47     -> 4333,4,1477
48,55,77     -> 4382,4,3172
121,100,79   -> 4431,4,2324
86,46,30     -> 4439,4,861
99,27,41     -> 4511,4,1572
51,74,42     -> 4554,4,2130
139,130,133  -> 4632,4,1365
156,147,129  -> 4672,4,1091
111,99,99    -> 4759,4,1654
136,55,107   -> 4771,4,931
111,89,94    -> 4860,4,1683
123,134,128  -> 4882,4,1181
40,42,45     -> 4920,4,3090
134,120,137  -> 4984,4,1215
63,33,3      -> 5004,4,2181
136,56,102   -> 5061,4,836
101,104,106  -> 5078,4,1505
111,114,86   -> 5087,4,1606
76,93,86     -> 5217,4,2825
101,73,39    -> 5236,4,2131
125,78,119   -> 5284,4,890
96,42,107    -> 5310,4,3028
89,104,141   -> 5375,4,1177
83,44,112    -> 5398,4,3462
125,78,129   -> 5408,4,806
83,34,112    -> 5420,4,3380
102,49,51    -> 5421,4,2439
104,116,151  -> 5437,4,1795
95,45,137    -> 5456,4,3566
120,49,65    -> 5477,4,632
96,38,97     -> 5503,4,3320
85,30,108    -> 5543,4,3488
85,35,118    -> 5600,4,3372
90,31,31     -> 3631,4,3071
53,33,33     -> 3689,4,3140
80,30,30     -> 3691,4,2997
60,38,38     -> 3759,4,3198
90,15,15     -> 3770,4,3107
60,41,41     -> 3772,4,3278
95,45,45     -> 3774,4,2931
100,0,0      -> 3781,4,3015
83,23,23     -> 3806,4,3365
90,16,16     -> 3821,4,2867
63,34,34     -> 3849,4,3216
57,38,38     -> 3854,4,3144
78,15,15     -> 3878,4,3306
88,28,28     -> 3886,4,3381
71,21,21     -> 3889,4,3060
81,31,31     -> 3894,4,2939
90,34,34     -> 3941,4,3215
90,22,22     -> 3950,4,3140
77,0,0       -> 3971,4,3301
61,31,31     -> 3976,4,3035
81,32,32     -> 3978,4,2957
100,32,32    -> 4024,4,3203
80,42,42     -> 4051,4,3111
77,4,5       -> 4051,4,3344
91,31,31     -> 4052,4,2989
69,21,21     -> 4101,4,3270
100,24,24    -> 4110,4,3174
67,4,5       -> 4124,4,3399
64,13,13     -> 4168,4,3330
93,24,24     -> 4192,4,3225
89,44,44     -> 4258,4,3287
93,33,33     -> 4290,4,3365
91,24,29     -> 2748,4,2308
51,24,29     -> 2807,4,2336
48,79,15     -> 3292,4,2405
92,44,33     -> 3438,4,1731
92,54,18     -> 3508,4,1699
92,34,18     -> 3537,4,1761
81,30,45     -> 4217,4,1330
81,20,45     -> 4371,4,1330
73,122,45    -> 5014,4,2577
