object={
	name="cotc_red_star"
	render_pass=Map
	clamp_to_water_level=no
	generated_content=no
	layer="building_layer"
	entity="cotc_red_star_entity"
	count=26
	transform="4173.322754 0.000000 3292.392090 0.000000 0.000000 0.000000 1.000000 2.046753 2.046753 2.046753
4168.783203 0.000000 3300.188232 0.000000 0.000000 0.000000 1.000000 2.500000 2.500000 2.500000
4049.907227 0.000000 3636.636963 0.000000 0.000000 0.000000 1.000000 2.500000 2.500000 2.500000
4007.539062 0.000000 3554.839355 0.000000 0.000000 0.000000 1.000000 2.500000 2.500000 2.500000
4137.434082 0.000000 3586.036621 0.000000 0.000000 0.000000 1.000000 2.500000 2.500000 2.500000
4023.737061 0.000000 3422.959229 0.000000 0.000000 0.000000 1.000000 2.500000 2.500000 2.500000
3776.646973 0.000000 2719.238281 0.000000 0.000000 0.000000 1.000000 3.866660 3.866660 3.866660
3920.471436 0.000000 2660.188965 0.000000 0.000000 0.000000 1.000000 2.500000 2.500000 2.500000
4057.995117 0.000000 2708.211182 0.000000 0.000000 0.000000 1.000000 2.500000 2.500000 2.500000
4129.428711 0.000000 2557.585205 0.000000 0.000000 0.000000 1.000000 2.500000 2.500000 2.500000
3970.005127 0.000000 2738.442627 0.000000 0.000000 0.000000 1.000000 2.500000 2.500000 2.500000
4176.362793 0.000000 3213.783203 0.000000 0.000000 0.000000 1.000000 2.500000 2.500000 2.500000
4055.590088 0.000000 3093.054443 0.000000 0.000000 0.000000 1.000000 2.500000 2.500000 2.500000
3924.579102 0.000000 3069.773438 0.000000 0.000000 0.000000 1.000000 2.500000 2.500000 2.500000
3850.216553 0.000000 3066.259033 0.000000 0.000000 0.000000 1.000000 2.500000 2.500000 2.500000
3883.740479 0.000000 2583.739502 0.000000 0.000000 0.000000 1.000000 2.500000 2.500000 2.500000
3629.540283 0.000000 2492.408936 0.000000 0.000000 0.000000 1.000000 2.500000 2.500000 2.500000
3548.374512 0.000000 2619.561035 0.000000 0.000000 0.000000 1.000000 2.500000 2.500000 2.500000
3693.411865 0.000000 2533.890869 0.000000 0.000000 0.000000 1.000000 2.500000 2.500000 2.500000
3795.628662 0.000000 2505.710938 0.000000 0.000000 0.000000 1.000000 2.500000 2.500000 2.500000
3632.179688 0.000000 2841.766357 0.000000 0.000000 0.000000 1.000000 2.500000 2.500000 2.500000
3631.208740 0.000000 3070.718994 0.000000 0.000000 0.000000 1.000000 2.500000 2.500000 2.500000
3952.669678 0.000000 3163.566895 0.000000 0.000000 0.000000 1.000000 2.500000 2.500000 2.500000
3779.126465 0.000000 3376.415771 0.000000 0.000000 0.000000 1.000000 2.500000 2.500000 2.500000
3749.812500 0.000000 3193.128662 0.000000 0.000000 0.000000 1.000000 2.500000 2.500000 2.500000
3832.251953 0.000000 3169.730713 0.000000 0.000000 0.000000 1.000000 2.500000 2.500000 2.500000
"}
