object={
	name="cotc_proto_star"
	render_pass=Map
	clamp_to_water_level=no
	generated_content=no
	layer="building_layer"
	entity="cotc_red_star_entity"
	count=43
	transform="5219.500000 0.000000 1694.500000 0.000000 0.000000 0.000000 1.000000 4.000000 4.000000 4.000000
5306.500000 0.000000 1525.500000 0.000000 0.000000 0.000000 1.000000 4.000000 4.000000 4.000000
5331.500000 0.000000 1701.500000 0.000000 0.000000 0.000000 1.000000 4.000000 4.000000 4.000000
5327.500000 0.000000 1815.500000 0.000000 0.000000 0.000000 1.000000 4.000000 4.000000 4.000000
5018.500000 0.000000 1558.500000 0.000000 0.000000 0.000000 1.000000 4.000000 4.000000 4.000000
4661.500000 0.000000 1451.500000 0.000000 0.000000 0.000000 1.000000 4.000000 4.000000 4.000000
4710.500000 0.000000 1165.500000 0.000000 0.000000 0.000000 1.000000 4.000000 4.000000 4.000000
4730.500000 0.000000 1241.500000 0.000000 0.000000 0.000000 1.000000 4.000000 4.000000 4.000000
3392.500000 0.000000 2162.500000 0.000000 0.000000 0.000000 1.000000 4.000000 4.000000 4.000000
2698.500000 0.000000 2746.500000 0.000000 0.000000 0.000000 1.000000 4.000000 4.000000 4.000000
2624.500000 0.000000 2699.500000 0.000000 0.000000 0.000000 1.000000 4.000000 4.000000 4.000000
2538.500000 0.000000 2497.500000 0.000000 0.000000 0.000000 1.000000 4.000000 4.000000 4.000000
2470.500000 0.000000 2614.500000 0.000000 0.000000 0.000000 1.000000 4.000000 4.000000 4.000000
2553.500000 0.000000 2862.500000 0.000000 0.000000 0.000000 1.000000 4.000000 4.000000 4.000000
2678.500000 0.000000 2926.500000 0.000000 0.000000 0.000000 1.000000 4.000000 4.000000 4.000000
4348.510357 0.000000 703.497500 0.000000 0.000000 0.000000 1.000000 4.000000 4.000000 4.000000
4514.500000 0.000000 750.500000 0.000000 0.000000 0.000000 1.000000 4.000000 4.000000 4.000000
4213.500000 0.000000 861.500000 0.000000 0.000000 0.000000 1.000000 4.000000 4.000000 4.000000
4569.500000 0.000000 917.500000 0.000000 0.000000 0.000000 1.000000 4.000000 4.000000 4.000000
4447.500000 0.000000 1068.500000 0.000000 0.000000 0.000000 1.000000 4.000000 4.000000 4.000000
4580.500000 0.000000 1049.500000 0.000000 0.000000 0.000000 1.000000 4.000000 4.000000 4.000000
4376.500000 0.000000 1091.500000 0.000000 0.000000 0.000000 1.000000 4.000000 4.000000 4.000000
4412.500000 0.000000 605.500000 0.000000 0.000000 0.000000 1.000000 4.000000 4.000000 4.000000
4987.500000 0.000000 747.500000 0.000000 0.000000 0.000000 1.000000 4.000000 4.000000 4.000000
4918.500000 0.000000 714.500000 0.000000 0.000000 0.000000 1.000000 4.000000 4.000000 4.000000
4928.500000 0.000000 777.500000 0.000000 0.000000 0.000000 1.000000 4.000000 4.000000 4.000000
4726.500000 0.000000 814.500000 0.000000 0.000000 0.000000 1.000000 4.000000 4.000000 4.000000
5199.500000 0.000000 808.500000 0.000000 0.000000 0.000000 1.000000 4.000000 4.000000 4.000000
4838.500000 0.000000 973.500000 0.000000 0.000000 0.000000 1.000000 4.000000 4.000000 4.000000
5111.500000 0.000000 954.500000 0.000000 0.000000 0.000000 1.000000 4.000000 4.000000 4.000000
5336.500000 0.000000 1347.500000 0.000000 0.000000 0.000000 1.000000 4.000000 4.000000 4.000000
5140.500000 0.000000 1060.500000 0.000000 0.000000 0.000000 1.000000 4.000000 4.000000 4.000000
5173.500000 0.000000 1233.500000 0.000000 0.000000 0.000000 1.000000 4.000000 4.000000 4.000000
5480.500000 0.000000 1472.500000 0.000000 0.000000 0.000000 1.000000 4.000000 4.000000 4.000000
5477.500000 0.000000 1564.500000 0.000000 0.000000 0.000000 1.000000 4.000000 4.000000 4.000000
5443.500000 0.000000 1628.500000 0.000000 0.000000 0.000000 1.000000 4.000000 4.000000 4.000000
5466.500000 0.000000 1044.500000 0.000000 0.000000 0.000000 1.000000 4.000000 4.000000 4.000000
5501.500000 0.000000 1724.500000 0.000000 0.000000 0.000000 1.000000 4.000000 4.000000 4.000000
2558.500000 0.000000 3066.500000 0.000000 0.000000 0.000000 1.000000 4.000000 4.000000 4.000000
5347.500000 0.000000 851.500000 0.000000 0.000000 0.000000 1.000000 4.000000 4.000000 4.000000
5397.500000 0.000000 3623.500000 0.000000 0.000000 0.000000 1.000000 4.000000 4.000000 4.000000
5223.500000 0.000000 3575.500000 0.000000 0.000000 0.000000 1.000000 4.000000 4.000000 4.000000
5316.500000 0.000000 3504.500000 0.000000 0.000000 0.000000 1.000000 4.000000 4.000000 4.000000
"}
