object={
	name="cotc_pale_star"
	render_pass=Map
	clamp_to_water_level=no
	generated_content=no
	layer="building_layer"
	entity="cotc_pale_star_entity"
	count=12
	transform="3917.599365 0.000000 3259.363037 0.000000 0.000000 0.000000 1.000000 3.000000 3.000000 3.000000
3993.254883 0.000000 3045.210693 0.000000 0.000000 0.000000 1.000000 3.000000 3.000000 3.000000
4199.036621 0.000000 2222.369629 0.000000 0.000000 0.000000 1.000000 3.000000 3.000000 3.000000
4210.187988 0.000000 2222.179688 0.000000 0.000000 0.000000 1.000000 3.000000 3.000000 3.000000
3827.688965 0.000000 2653.354492 0.000000 0.000000 0.000000 1.000000 3.000000 3.000000 3.000000
4188.178223 0.000000 1936.665405 0.000000 0.000000 0.000000 1.000000 5.000000 5.000000 5.000000
4314.244629 0.000000 2027.344482 0.000000 0.000000 0.000000 1.000000 5.000000 5.000000 5.000000
4006.510254 0.000000 2342.319092 0.000000 0.000000 0.000000 1.000000 3.000000 3.000000 3.000000
3766.792236 0.000000 2154.607666 0.000000 0.000000 0.000000 1.000000 3.000000 3.000000 3.000000
3955.521973 0.000000 2784.004883 0.000000 0.000000 0.000000 1.000000 3.000000 3.000000 3.000000
3575.137451 0.000000 2521.994629 0.000000 0.000000 0.000000 1.000000 3.000000 3.000000 3.000000
3690.366699 0.000000 3006.003174 0.000000 0.000000 0.000000 1.000000 3.000000 3.000000 3.000000
"}
