object={
	name="cotc_planet_ice_giant_01"
	render_pass=Map
	clamp_to_water_level=no
	generated_content=no
	layer="building_layer"
	entity="cotc_planet_ice_giant_01_entity"
	count=3
	transform="3800.234863 0.000000 2952.860596 0.000000 0.000000 0.000000 1.000000 1.000000 1.000000 1.000000
3813.182617 0.000000 3258.828857 0.000000 0.000000 0.000000 1.000000 1.000000 1.000000 1.000000
3894.766602 0.000000 3497.290039 0.000000 0.000000 0.000000 1.000000 1.000000 1.000000 1.000000
"}

object={
	name="cotc_planet_ice_giant_02"
	render_pass=Map
	clamp_to_water_level=no
	generated_content=no
	layer="building_layer"
	entity="cotc_planet_ice_giant_02_entity"
	count=4
	transform="3694.672852 0.000000 3149.566650 0.000000 0.000000 0.000000 1.000000 1.000000 1.000000 1.000000
3912.252197 0.000000 3067.064209 0.000000 0.000000 0.000000 1.000000 1.000000 1.000000 1.000000
4256.905762 0.000000 3363.906250 0.000000 0.000000 0.000000 1.000000 1.000000 1.000000 1.000000
4063.270264 0.000000 3619.447754 0.000000 0.000000 0.000000 1.000000 1.000000 1.000000 1.000000"}
