object={
	name="cotc_nebula_lightning_orion"
	render_pass=Map
	clamp_to_water_level=no
	generated_content=no
	layer="cotc_nebula_layer"
	entity="cotc_nebula_lightning_orion"
	count=3
	transform="4982.500000 0.000000 817.500000 0.000000 0.000000 0.000000 1.000000 1.000000 1.000000 1.000000
5408.500000 0.000000 806.500000 0.000000 0.000000 0.000000 1.000000 1.000000 1.000000 1.000000
4735.500000 0.000000 993.500000 0.000000 0.000000 0.000000 1.000000 1.000000 1.000000 1.000000
"}
object={
	name="cotc_nebula_lightning_witch_head"
	render_pass=Map
	clamp_to_water_level=no
	generated_content=no
	layer="cotc_nebula_layer"
	entity="cotc_nebula_lightning_witch_head"
	count=3
	transform="2519.500000 0.000000 2681.500000 0.000000 0.000000 0.000000 1.000000 1.000000 1.000000 1.000000
2649.500000 0.000000 2803.500000 0.000000 0.000000 0.000000 1.000000 1.000000 1.000000 1.000000
2789.500000 0.000000 2690.500000 0.000000 0.000000 0.000000 1.000000 1.000000 1.000000 1.000000
"}
object={
	name="cotc_nebula_lightning_horsehead"
	render_pass=Map
	clamp_to_water_level=no
	generated_content=no
	layer="cotc_nebula_layer"
	entity="cotc_nebula_lightning_horsehead"
	count=3
	transform="5216.500000 0.000000 1591.500000 0.000000 0.000000 0.000000 1.000000 1.000000 1.000000 1.000000
5425.500000 0.000000 925.500000 0.000000 0.000000 0.000000 1.000000 1.000000 1.000000 1.000000
5449.500000 0.000000 1327.500000 0.000000 0.000000 0.000000 1.000000 1.000000 1.000000 1.000000
"}
object={
	name="cotc_nebula_lightning_veil"
	render_pass=Map
	clamp_to_water_level=no
	generated_content=no
	layer="cotc_nebula_layer"
	entity="cotc_nebula_lightning_veil"
	count=5
	transform="5304.500000 0.000000 3396.500000 0.000000 0.000000 0.000000 1.000000 1.000000 1.000000 1.000000
5489.500000 0.000000 2880.500000 0.000000 0.000000 0.000000 1.000000 1.000000 1.000000 1.000000
5556.500000 0.000000 3270.500000 0.000000 0.000000 0.000000 1.000000 1.000000 1.000000 1.000000
5278.500000 0.000000 2987.500000 0.000000 0.000000 0.000000 1.000000 1.000000 1.000000 1.000000
5486.500000 0.000000 3450.500000 0.000000 0.000000 0.000000 1.000000 1.000000 1.000000 1.000000
"}
object={
	name="cotc_nebula_lightning_flame"
	render_pass=Map
	clamp_to_water_level=no
	generated_content=no
	layer="cotc_nebula_layer"
	entity="cotc_nebula_lightning_flame"
	count=3
	transform="4229.500000 0.000000 721.500000 0.000000 0.000000 0.000000 1.000000 1.000000 1.000000 1.000000
4562.500000 0.000000 696.500000 0.000000 0.000000 0.000000 1.000000 1.000000 1.000000 1.000000
4446.500000 0.000000 948.500000 0.000000 0.000000 0.000000 1.000000 1.000000 1.000000 1.000000
"}
object={
	name="cotc_nebula_lightning_helix"
	render_pass=Map
	clamp_to_water_level=no
	generated_content=no
	layer="cotc_nebula_layer"
	entity="cotc_nebula_lightning_helix"
	count=3
	transform="3294.500000 0.000000 2120.500000 0.000000 0.000000 0.000000 1.000000 1.000000 1.000000 1.000000
3472.500000 0.000000 2060.500000 0.000000 0.000000 0.000000 1.000000 1.000000 1.000000 1.000000
3380.500000 0.000000 2233.500000 0.000000 0.000000 0.000000 1.000000 1.000000 1.000000 1.000000
"}
