object={
	name="cotc_neutron_debris_field"
	render_pass=Map
	clamp_to_water_level=no
	generated_content=no
	layer="cotc_star_layer"
	entity="cotc_neutron_debris_field_entity"
	count=19
	transform="4316.500000 -1.000000 2668.500000 0.000000 0.000000 0.000000 1.000000 0.998643 0.998643 0.998643
4441.500000 -1.000000 2880.500000 0.000000 0.000000 0.000000 1.000000 1.083461 1.083461 1.083461
3267.500000 -1.000000 2955.500000 0.000000 0.000000 0.000000 1.000000 0.923050 0.923050 0.923050
3205.500000 -1.000000 2734.500000 0.000000 0.000000 0.000000 1.000000 0.842379 0.842379 0.842379
3222.500000 -1.000000 2532.500000 0.000000 0.000000 0.000000 1.000000 0.842379 0.842379 0.842379
2783.500000 -1.000000 2491.500000 0.000000 0.000000 0.000000 1.000000 0.755947 0.755947 0.755947
3878.500000 -1.000000 3306.000000 0.000000 0.000000 0.000000 1.000000 1.083461 1.083461 1.083461
3077.500000 -1.000000 2116.500000 0.000000 0.000000 0.000000 1.000000 1.083461 1.083461 1.083461
2669.500000 -1.000000 2298.500000 0.000000 0.000000 0.000000 1.000000 0.755947 0.755947 0.755947
4139.500000 -1.000000 2872.500000 0.000000 0.000000 0.000000 1.000000 0.755947 0.755947 0.755947
3203.500000 -1.000000 1579.500000 0.000000 0.000000 0.000000 1.000000 1.251215 1.251215 1.251215
3095.500000 -1.000000 1622.500000 0.000000 0.000000 0.000000 1.000000 0.923050 0.923050 0.923050
3442.500000 -1.000000 1459.500000 0.000000 0.000000 0.000000 1.000000 1.164553 1.164553 1.164553
3832.500000 -1.000000 1048.500000 0.000000 0.000000 0.000000 1.000000 0.842379 0.842379 0.842379
3424.500000 -1.000000 1112.500000 0.000000 0.000000 0.000000 1.000000 0.842379 0.842379 0.842379
5156.500000 -1.000000 1782.500000 0.000000 0.000000 0.000000 1.000000 0.842379 0.842379 0.842379
4838.500000 -1.000000 3127.500000 0.000000 0.000000 0.000000 1.000000 1.157192 1.157192 1.157192
5086.500000 -1.000000 3237.500000 0.000000 0.000000 0.000000 1.000000 1.074220 1.074220 1.074220
4981.500000 -1.000000 3276.500000 0.000000 0.000000 0.000000 1.000000 1.169739 1.169739 1.169739
"}
object={
	name="cotc_pulsar_beams"
	render_pass=Map
	clamp_to_water_level=no
	generated_content=no
	layer="cotc_star_layer"
	entity="cotc_pulsar_beams_entity"
	count=19
	transform="4316.500000 -1.000000 2668.500000 0.000000 0.000000 0.000000 1.000000 0.998643 0.998643 0.998643
4441.500000 -1.000000 2880.500000 0.000000 0.000000 0.000000 1.000000 1.083461 1.083461 1.083461
3267.500000 -1.000000 2955.500000 0.000000 0.000000 0.000000 1.000000 0.923050 0.923050 0.923050
3205.500000 -1.000000 2734.500000 0.000000 0.000000 0.000000 1.000000 0.842379 0.842379 0.842379
3222.500000 -1.000000 2532.500000 0.000000 0.000000 0.000000 1.000000 0.842379 0.842379 0.842379
2783.500000 -1.000000 2491.500000 0.000000 0.000000 0.000000 1.000000 0.755947 0.755947 0.755947
3878.500000 -1.000000 3306.000000 0.000000 0.000000 0.000000 1.000000 1.083461 1.083461 1.083461
3077.500000 -1.000000 2116.500000 0.000000 0.000000 0.000000 1.000000 1.083461 1.083461 1.083461
2669.500000 -1.000000 2298.500000 0.000000 0.000000 0.000000 1.000000 0.755947 0.755947 0.755947
4139.500000 -1.000000 2872.500000 0.000000 0.000000 0.000000 1.000000 0.755947 0.755947 0.755947
3203.500000 -1.000000 1579.500000 0.000000 0.000000 0.000000 1.000000 1.251215 1.251215 1.251215
3095.500000 -1.000000 1622.500000 0.000000 0.000000 0.000000 1.000000 0.923050 0.923050 0.923050
3442.500000 -1.000000 1459.500000 0.000000 0.000000 0.000000 1.000000 1.164553 1.164553 1.164553
3832.500000 -1.000000 1048.500000 0.000000 0.000000 0.000000 1.000000 0.842379 0.842379 0.842379
3424.500000 -1.000000 1112.500000 0.000000 0.000000 0.000000 1.000000 0.842379 0.842379 0.842379
5156.500000 -1.000000 1782.500000 0.000000 0.000000 0.000000 1.000000 0.842379 0.842379 0.842379
4838.500000 -1.000000 3127.500000 0.000000 0.000000 0.000000 1.000000 1.157192 1.157192 1.157192
5086.500000 -1.000000 3237.500000 0.000000 0.000000 0.000000 1.000000 1.074220 1.074220 1.074220
4981.500000 -1.000000 3276.500000 0.000000 0.000000 0.000000 1.000000 1.169739 1.169739 1.169739
"}
object={
	name="cotc_neutron_core"
	render_pass=Map
	clamp_to_water_level=no
	generated_content=no
	layer="cotc_star_layer"
	entity="cotc_neutron_core_entity"
	count=19
	transform="4316.500000 -1.000000 2668.500000 0.000000 0.000000 0.000000 1.000000 1.000000 1.000000 1.000000
4441.500000 -1.000000 2880.500000 0.000000 0.000000 0.000000 1.000000 1.000000 1.000000 1.000000
3267.500000 -1.000000 2955.500000 0.000000 0.000000 0.000000 1.000000 1.000000 1.000000 1.000000
3205.500000 -1.000000 2734.500000 0.000000 0.000000 0.000000 1.000000 1.000000 1.000000 1.000000
3222.500000 -1.000000 2532.500000 0.000000 0.000000 0.000000 1.000000 1.000000 1.000000 1.000000
2783.500000 -1.000000 2491.500000 0.000000 0.000000 0.000000 1.000000 1.000000 1.000000 1.000000
3878.500000 -1.000000 3306.000000 0.000000 0.000000 0.000000 1.000000 1.000000 1.000000 1.000000
3077.500000 -1.000000 2116.500000 0.000000 0.000000 0.000000 1.000000 1.000000 1.000000 1.000000
2669.500000 -1.000000 2298.500000 0.000000 0.000000 0.000000 1.000000 1.000000 1.000000 1.000000
4139.500000 -1.000000 2872.500000 0.000000 0.000000 0.000000 1.000000 1.000000 1.000000 1.000000
3203.500000 -1.000000 1579.500000 0.000000 0.000000 0.000000 1.000000 1.000000 1.000000 1.000000
3095.500000 -1.000000 1622.500000 0.000000 0.000000 0.000000 1.000000 1.000000 1.000000 1.000000
3442.500000 -1.000000 1459.500000 0.000000 0.000000 0.000000 1.000000 1.000000 1.000000 1.000000
3832.500000 -1.000000 1048.500000 0.000000 0.000000 0.000000 1.000000 1.000000 1.000000 1.000000
3424.500000 -1.000000 1112.500000 0.000000 0.000000 0.000000 1.000000 1.000000 1.000000 1.000000
5156.500000 -1.000000 1782.500000 0.000000 0.000000 0.000000 1.000000 1.000000 1.000000 1.000000
4838.500000 -1.000000 3127.500000 0.000000 0.000000 0.000000 1.000000 1.000000 1.000000 1.000000
5086.500000 -1.000000 3237.500000 0.000000 0.000000 0.000000 1.000000 1.000000 1.000000 1.000000
4981.500000 -1.000000 3276.500000 0.000000 0.000000 0.000000 1.000000 1.000000 1.000000 1.000000
"}
object={
	name="cotc_neutron_pulse"
	render_pass=Map
	clamp_to_water_level=no
	generated_content=no
	layer="cotc_star_layer"
	entity="cotc_neutron_pulse_entity"
	count=19
	transform="4316.500000 -1.000000 2668.500000 0.000000 0.000000 0.000000 1.000000 1.000000 1.000000 1.000000
4441.500000 -1.000000 2880.500000 0.000000 0.000000 0.000000 1.000000 1.000000 1.000000 1.000000
3267.500000 -1.000000 2955.500000 0.000000 0.000000 0.000000 1.000000 1.000000 1.000000 1.000000
3205.500000 -1.000000 2734.500000 0.000000 0.000000 0.000000 1.000000 1.000000 1.000000 1.000000
3222.500000 -1.000000 2532.500000 0.000000 0.000000 0.000000 1.000000 1.000000 1.000000 1.000000
2783.500000 -1.000000 2491.500000 0.000000 0.000000 0.000000 1.000000 1.000000 1.000000 1.000000
3878.500000 -1.000000 3306.000000 0.000000 0.000000 0.000000 1.000000 1.000000 1.000000 1.000000
3077.500000 -1.000000 2116.500000 0.000000 0.000000 0.000000 1.000000 1.000000 1.000000 1.000000
2669.500000 -1.000000 2298.500000 0.000000 0.000000 0.000000 1.000000 1.000000 1.000000 1.000000
4139.500000 -1.000000 2872.500000 0.000000 0.000000 0.000000 1.000000 1.000000 1.000000 1.000000
3203.500000 -1.000000 1579.500000 0.000000 0.000000 0.000000 1.000000 1.000000 1.000000 1.000000
3095.500000 -1.000000 1622.500000 0.000000 0.000000 0.000000 1.000000 1.000000 1.000000 1.000000
3442.500000 -1.000000 1459.500000 0.000000 0.000000 0.000000 1.000000 1.000000 1.000000 1.000000
3832.500000 -1.000000 1048.500000 0.000000 0.000000 0.000000 1.000000 1.000000 1.000000 1.000000
3424.500000 -1.000000 1112.500000 0.000000 0.000000 0.000000 1.000000 1.000000 1.000000 1.000000
5156.500000 -1.000000 1782.500000 0.000000 0.000000 0.000000 1.000000 1.000000 1.000000 1.000000
4838.500000 -1.000000 3127.500000 0.000000 0.000000 0.000000 1.000000 1.000000 1.000000 1.000000
5086.500000 -1.000000 3237.500000 0.000000 0.000000 0.000000 1.000000 1.000000 1.000000 1.000000
4981.500000 -1.000000 3276.500000 0.000000 0.000000 0.000000 1.000000 1.000000 1.000000 1.000000
"}
