object={
	name="cotc_yellow_star"
	render_pass=Map
	clamp_to_water_level=no
	generated_content=no
	layer="building_layer"
	entity="cotc_yellow_star_entity"
	count=17
	transform="4058.333252 0.000000 3275.676270 0.000000 0.000000 0.000000 1.000000 3.000000 3.000000 3.000000
4045.291504 0.000000 2981.845459 0.000000 0.000000 0.000000 1.000000 3.000000 3.000000 3.000000
3553.151123 0.000000 2319.092041 0.000000 0.000000 0.000000 1.000000 3.000000 3.000000 3.000000
4235.555664 0.000000 2013.382812 0.000000 0.000000 0.000000 1.000000 3.000000 3.000000 3.000000
4111.022461 0.000000 2143.266846 0.000000 0.000000 0.000000 1.000000 3.000000 3.000000 3.000000
3681.645508 0.000000 2172.937744 0.000000 0.000000 0.000000 1.000000 3.000000 3.000000 3.000000
3549.760498 0.000000 1958.381958 0.000000 0.000000 0.000000 1.000000 3.000000 3.000000 3.000000
3619.629395 0.000000 2089.264893 0.000000 0.000000 0.000000 1.000000 3.000000 3.000000 3.000000
3907.496826 0.000000 2487.799316 0.000000 0.000000 0.000000 1.000000 3.000000 3.000000 3.000000
4120.516602 0.000000 2459.574707 0.000000 0.000000 0.000000 1.000000 3.000000 3.000000 3.000000
4060.208740 0.000000 2509.850586 0.000000 0.000000 0.000000 1.000000 3.000000 3.000000 3.000000
4042.167725 0.000000 2797.782959 0.000000 0.000000 0.000000 1.000000 3.000000 3.000000 3.000000
3644.391357 0.000000 2707.714355 0.000000 0.000000 0.000000 1.000000 3.000000 3.000000 3.000000
3711.159912 0.000000 2783.344238 0.000000 0.000000 0.000000 1.000000 3.000000 3.000000 3.000000
3521.244873 0.000000 2540.901123 0.000000 0.000000 0.000000 1.000000 3.000000 3.000000 3.000000
3822.757568 0.000000 2987.595703 0.000000 0.000000 0.000000 1.000000 3.000000 3.000000 3.000000
3770.145508 0.000000 3099.405273 0.000000 0.000000 0.000000 1.000000 3.000000 3.000000 3.000000
"}
