object={
	name="cotc_planet_atmospheric_01"
	render_pass=Map
	clamp_to_water_level=no
	generated_content=no
	layer="cotc_planet_layer"
	entity="cotc_planet_atmospheric_01_entity"
	count=32
	transform="4280.140625 0.000000 2266.725342 0.000000 0.000000 0.000000 1.000000 1.000000 1.000000 1.000000
4678.433594 0.000000 1969.934814 0.000000 0.000000 0.000000 1.000000 1.000000 1.000000 1.000000
4100.000000 0.000000 3290.000000 0.000000 0.000000 0.000000 1.000000 1.000000 1.000000 1.000000
3939.000000 0.000000 1677.000000 0.000000 0.000000 0.000000 1.000000 1.000000 1.000000 1.000000
3893.000000 0.000000 2439.000000 0.000000 0.000000 0.000000 1.000000 1.000000 1.000000 1.000000
4731.000000 0.000000 2495.000000 0.000000 0.000000 0.000000 1.000000 1.000000 1.000000 1.000000
4473.000000 0.000000 2791.000000 0.000000 0.000000 0.000000 1.000000 1.000000 1.000000 1.000000
4404.000000 0.000000 2727.000000 0.000000 0.000000 0.000000 1.000000 1.000000 1.000000 1.000000
3198.000000 0.000000 3015.000000 0.000000 0.000000 0.000000 1.000000 1.000000 1.000000 1.000000
2849.000000 0.000000 2978.000000 0.000000 0.000000 0.000000 1.000000 1.000000 1.000000 1.000000
3456.000000 0.000000 3221.000000 0.000000 0.000000 0.000000 1.000000 1.000000 1.000000 1.000000
3306.000000 0.000000 2420.000000 0.000000 0.000000 0.000000 1.000000 1.000000 1.000000 1.000000
3454.000000 0.000000 2316.000000 0.000000 0.000000 0.000000 1.000000 1.000000 1.000000 1.000000
3345.000000 0.000000 2646.000000 0.000000 0.000000 0.000000 1.000000 1.000000 1.000000 1.000000
3075.000000 0.000000 2624.000000 0.000000 0.000000 0.000000 1.000000 1.000000 1.000000 1.000000
2726.000000 0.000000 2214.000000 0.000000 0.000000 0.000000 1.000000 1.000000 1.000000 1.000000
4533.000000 0.000000 2215.000000 0.000000 0.000000 0.000000 1.000000 1.000000 1.000000 1.000000
4518.000000 0.000000 2425.000000 0.000000 0.000000 0.000000 1.000000 1.000000 1.000000 1.000000
3181.000000 0.000000 1437.000000 0.000000 0.000000 0.000000 1.000000 1.000000 1.000000 1.000000
4287.000000 0.000000 1387.000000 0.000000 0.000000 0.000000 1.000000 1.000000 1.000000 1.000000
4397.000000 0.000000 1174.000000 0.000000 0.000000 0.000000 1.000000 1.000000 1.000000 1.000000
4333.000000 0.000000 1237.000000 0.000000 0.000000 0.000000 1.000000 1.000000 1.000000 1.000000
4090.000000 0.000000 1207.000000 0.000000 0.000000 0.000000 1.000000 1.000000 1.000000 1.000000
3979.000000 0.000000 1103.000000 0.000000 0.000000 0.000000 1.000000 1.000000 1.000000 1.000000
3334.000000 0.000000 1258.000000 0.000000 0.000000 0.000000 1.000000 1.000000 1.000000 1.000000
5297.000000 0.000000 2011.000000 0.000000 0.000000 0.000000 1.000000 1.000000 1.000000 1.000000
4888.000000 0.000000 1361.000000 0.000000 0.000000 0.000000 1.000000 1.000000 1.000000 1.000000
4939.000000 0.000000 1641.000000 0.000000 0.000000 0.000000 1.000000 1.000000 1.000000 1.000000
4692.000000 0.000000 1565.000000 0.000000 0.000000 0.000000 1.000000 1.000000 1.000000 1.000000
4606.000000 0.000000 1197.000000 0.000000 0.000000 0.000000 1.000000 1.000000 1.000000 1.000000
5239.000000 0.000000 2543.000000 0.000000 0.000000 0.000000 1.000000 1.000000 1.000000 1.000000
5228.000000 0.000000 2397.000000 0.000000 0.000000 0.000000 1.000000 1.000000 1.000000 1.000000
"}
object={
	name="cotc_planet_atmospheric_02"
	render_pass=Map
	clamp_to_water_level=no
	generated_content=no
	layer="cotc_planet_layer"
	entity="cotc_planet_atmospheric_02_entity"
	count=32
	transform="3759.766357 0.000000 2484.150635 0.000000 0.000000 0.000000 1.000000 1.000000 1.000000 1.000000
3615.994629 0.000000 2619.326172 0.000000 0.000000 0.000000 1.000000 1.000000 1.000000 1.000000
4534.374512 0.000000 1843.488281 0.000000 0.000000 0.000000 1.000000 1.000000 1.000000 1.000000
4509.157715 0.000000 1675.442139 0.000000 0.000000 0.000000 1.000000 1.000000 1.000000 1.000000
3775.000000 0.000000 3020.000000 0.000000 0.000000 0.000000 1.000000 1.000000 1.000000 1.000000
3797.000000 0.000000 3351.000000 0.000000 0.000000 0.000000 1.000000 1.000000 1.000000 1.000000
4104.000000 0.000000 1744.000000 0.000000 0.000000 0.000000 1.000000 1.000000 1.000000 1.000000
4087.000000 0.000000 1483.000000 0.000000 0.000000 0.000000 1.000000 1.000000 1.000000 1.000000
4114.000000 0.000000 2533.000000 0.000000 0.000000 0.000000 1.000000 1.000000 1.000000 1.000000
4874.000000 0.000000 2828.000000 0.000000 0.000000 0.000000 1.000000 1.000000 1.000000 1.000000
4605.000000 0.000000 2874.000000 0.000000 0.000000 0.000000 1.000000 1.000000 1.000000 1.000000
4645.000000 0.000000 2806.000000 0.000000 0.000000 0.000000 1.000000 1.000000 1.000000 1.000000
3209.000000 0.000000 2468.000000 0.000000 0.000000 0.000000 1.000000 1.000000 1.000000 1.000000
3288.000000 0.000000 2592.000000 0.000000 0.000000 0.000000 1.000000 1.000000 1.000000 1.000000
2933.000000 0.000000 2689.000000 0.000000 0.000000 0.000000 1.000000 1.000000 1.000000 1.000000
2790.000000 0.000000 2237.000000 0.000000 0.000000 0.000000 1.000000 1.000000 1.000000 1.000000
2557.000000 0.000000 2353.000000 0.000000 0.000000 0.000000 1.000000 1.000000 1.000000 1.000000
3276.000000 0.000000 1907.000000 0.000000 0.000000 0.000000 1.000000 1.000000 1.000000 1.000000
3153.000000 0.000000 1778.000000 0.000000 0.000000 0.000000 1.000000 1.000000 1.000000 1.000000
4553.000000 0.000000 1527.000000 0.000000 0.000000 0.000000 1.000000 1.000000 1.000000 1.000000
4376.000000 0.000000 1170.000000 0.000000 0.000000 0.000000 1.000000 1.000000 1.000000 1.000000
3748.000000 0.000000 1096.000000 0.000000 0.000000 0.000000 1.000000 1.000000 1.000000 1.000000
3928.000000 0.000000 942.000000 0.000000 0.000000 0.000000 1.000000 1.000000 1.000000 1.000000
3599.000000 0.000000 938.000000 0.000000 0.000000 0.000000 1.000000 1.000000 1.000000 1.000000
5103.000000 0.000000 1839.000000 0.000000 0.000000 0.000000 1.000000 1.000000 1.000000 1.000000
5293.000000 0.000000 1922.000000 0.000000 0.000000 0.000000 1.000000 1.000000 1.000000 1.000000
2420.000000 0.000000 2478.000000 0.000000 0.000000 0.000000 1.000000 1.000000 1.000000 1.000000
5316.000000 0.000000 2177.000000 0.000000 0.000000 0.000000 1.000000 1.000000 1.000000 1.000000
5307.000000 0.000000 2074.000000 0.000000 0.000000 0.000000 1.000000 1.000000 1.000000 1.000000
5168.000000 0.000000 2340.000000 0.000000 0.000000 0.000000 1.000000 1.000000 1.000000 1.000000
4918.000000 0.000000 3013.000000 0.000000 0.000000 0.000000 1.000000 1.000000 1.000000 1.000000
5064.000000 0.000000 2990.000000 0.000000 0.000000 0.000000 1.000000 1.000000 1.000000 1.000000
"}
