object={
	name="cotc_white_star"
	render_pass=Map
	clamp_to_water_level=no
	generated_content=no
	layer="building_layer"
	entity="cotc_white_star_entity"
	count=16
	transform="3966.431641 0.000000 2604.946045 0.000000 0.000000 0.000000 1.000000 4.000000 4.000000 4.000000
3939.158691 0.000000 2816.924072 0.000000 0.000000 0.000000 1.000000 4.000000 4.000000 4.000000
3460.844482 0.000000 2635.064453 0.000000 0.000000 0.000000 1.000000 4.000000 4.000000 4.000000
3645.910400 0.000000 2293.308594 0.000000 0.000000 0.000000 1.000000 2.500000 2.500000 2.500000
3607.878662 0.000000 2010.573853 0.000000 0.000000 0.000000 1.000000 2.500000 2.500000 2.500000
4104.352539 0.000000 1961.199585 0.000000 0.000000 0.000000 1.000000 4.000000 4.000000 4.000000
3551.605957 0.000000 2791.456543 0.000000 0.000000 0.000000 1.000000 4.000000 4.000000 4.000000
3934.291504 0.000000 2924.992188 0.000000 0.000000 0.000000 1.000000 4.000000 4.000000 4.000000
4279.526855 0.000000 3371.580811 0.000000 0.000000 0.000000 1.000000 4.000000 4.000000 4.000000
4028.461426 0.000000 2442.628174 0.000000 0.000000 0.000000 1.000000 4.000000 4.000000 4.000000
4140.181152 0.000000 3682.955078 0.000000 0.000000 0.000000 1.000000 6.000000 6.000000 6.000000
3882.620117 0.000000 3375.767578 0.000000 0.000000 0.000000 1.000000 4.000000 4.000000 4.000000
3989.688477 0.000000 3322.641357 0.000000 0.000000 0.000000 1.000000 4.000000 4.000000 4.000000
3689.029297 0.000000 3139.158447 0.000000 0.000000 0.000000 1.000000 4.000000 4.000000 4.000000
3727.150146 0.000000 2364.985840 0.000000 0.000000 0.000000 1.000000 6.000000 6.000000 6.000000
3760.033447 0.000000 2896.121582 0.000000 0.000000 0.000000 1.000000 6.000000 6.000000 6.000000
"}
