object={
	name="cotc_planet_gas_giant_01"
	render_pass=Map
	clamp_to_water_level=no
	generated_content=no
	layer="building_layer"
	entity="cotc_planet_gas_giant_01_entity"
	count=17
	transform="3809.682373 0.000000 2875.080566 0.000000 0.000000 0.000000 1.000000 1.000000 1.000000 1.000000
3928.439453 0.000000 3175.709961 0.000000 0.000000 0.000000 1.000000 1.000000 1.000000 1.000000
4022.907227 0.000000 2963.013672 0.000000 0.000000 0.000000 1.000000 1.000000 1.000000 1.000000
3901.376465 0.000000 3477.093506 0.000000 0.000000 0.000000 1.000000 1.000000 1.000000 1.000000
4172.737793 0.000000 3596.292480 0.000000 0.000000 0.000000 1.000000 1.000000 1.000000 1.000000
3951.675781 0.000000 2765.203369 0.000000 0.000000 0.000000 1.000000 1.000000 1.000000 1.000000
3791.888672 0.000000 2716.891846 0.000000 0.000000 0.000000 1.000000 1.000000 1.000000 1.000000
3772.565674 0.000000 2522.734131 0.000000 0.000000 0.000000 1.000000 1.000000 1.000000 1.000000
3640.533447 0.000000 2599.130615 0.000000 0.000000 0.000000 1.000000 1.000000 1.000000 1.000000
3480.772217 0.000000 2580.604248 0.000000 0.000000 0.000000 1.000000 1.000000 1.000000 1.000000
3649.883545 0.000000 2787.649902 0.000000 0.000000 0.000000 1.000000 1.000000 1.000000 1.000000
3606.626465 0.000000 2083.024902 0.000000 0.000000 0.000000 1.000000 1.000000 1.000000 1.000000
3728.696533 0.000000 2276.536621 0.000000 0.000000 0.000000 1.000000 1.000000 1.000000 1.000000
4250.676758 0.000000 2022.335815 0.000000 0.000000 0.000000 1.000000 1.000000 1.000000 1.000000
4344.263184 0.000000 1863.888672 0.000000 0.000000 0.000000 1.000000 1.000000 1.000000 1.000000
4197.007324 0.000000 2346.044678 0.000000 0.000000 0.000000 1.000000 1.000000 1.000000 1.000000
4185.841309 0.000000 2222.912354 0.000000 0.000000 0.000000 1.000000 1.000000 1.000000 1.000000
"}
object={
	name="cotc_planet_gas_giant_02"
	render_pass=Map
	clamp_to_water_level=no
	generated_content=no
	layer="building_layer"
	entity="cotc_planet_gas_giant_02_entity"
	count=16
	transform="3795.629395 0.000000 3116.689453 0.000000 0.000000 0.000000 1.000000 1.000000 1.000000 1.000000
4061.312744 0.000000 3213.767578 0.000000 0.000000 0.000000 1.000000 1.000000 1.000000 1.000000
4080.311279 0.000000 3452.851562 0.000000 0.000000 0.000000 1.000000 1.000000 1.000000 1.000000
4030.336182 0.000000 3535.275391 0.000000 0.000000 0.000000 1.000000 1.000000 1.000000 1.000000
4074.657471 0.000000 2783.263428 0.000000 0.000000 0.000000 1.000000 1.000000 1.000000 1.000000
3930.258545 0.000000 2888.207764 0.000000 0.000000 0.000000 1.000000 1.000000 1.000000 1.000000
3816.255859 0.000000 2658.771484 0.000000 0.000000 0.000000 1.000000 1.000000 1.000000 1.000000
3684.722656 0.000000 2523.664307 0.000000 0.000000 0.000000 1.000000 1.000000 1.000000 1.000000
3703.690918 0.000000 2450.564941 0.000000 0.000000 0.000000 1.000000 1.000000 1.000000 1.000000
3475.725830 0.000000 2648.593994 0.000000 0.000000 0.000000 1.000000 1.000000 1.000000 1.000000
3679.597168 0.000000 2151.852783 0.000000 0.000000 0.000000 1.000000 1.000000 1.000000 1.000000
4275.707031 0.000000 2143.497803 0.000000 0.000000 0.000000 1.000000 1.000000 1.000000 1.000000
4323.248535 0.000000 2019.547485 0.000000 0.000000 0.000000 1.000000 1.000000 1.000000 1.000000
4282.459961 0.000000 1930.329834 0.000000 0.000000 0.000000 1.000000 1.000000 1.000000 1.000000
4112.066895 0.000000 2263.045654 0.000000 0.000000 0.000000 1.000000 1.000000 1.000000 1.000000
4333.718262 0.000000 2205.456299 0.000000 0.000000 0.000000 1.000000 1.000000 1.000000 1.000000
"}
