object={
	name="cotc_planet_corrosive_01"
	render_pass=Map
	clamp_to_water_level=no
	generated_content=no
	layer="building_layer"
	entity="cotc_planet_corrosive_01_entity"
	count=69
	transform="3687.591553 0.000000 2428.894531 0.000000 0.000000 0.000000 1.000000 1.000000 1.000000 1.000000
3590.466797 0.000000 2514.905029 0.000000 0.000000 0.000000 1.000000 1.000000 1.000000 1.000000
4234.335938 0.000000 2120.820801 0.000000 0.000000 0.000000 1.000000 1.000000 1.000000 1.000000
4176.502930 0.000000 1940.116943 0.000000 0.000000 0.000000 1.000000 1.000000 1.000000 1.000000
4272.533203 0.000000 1838.319458 0.000000 0.000000 0.000000 1.000000 1.000000 1.000000 1.000000
4339.089844 0.000000 1858.403931 0.000000 0.000000 0.000000 1.000000 0.600000 0.600000 0.600000
3996.169678 0.000000 2343.012451 0.000000 0.000000 0.000000 1.000000 0.750000 0.750000 0.750000
4209.000488 0.000000 2237.571533 0.000000 0.000000 0.000000 1.000000 0.600000 0.600000 0.600000
4505.243652 0.000000 1656.658325 0.000000 0.000000 0.000000 1.000000 0.750000 0.750000 0.750000
4424.344727 0.000000 1726.672241 0.000000 0.000000 0.000000 1.000000 1.000000 1.000000 1.000000
4685.822754 0.000000 1972.689453 0.000000 0.000000 0.000000 1.000000 0.600000 0.600000 0.600000
4802.386230 0.000000 2033.347656 0.000000 0.000000 0.000000 1.000000 1.000000 1.000000 1.000000
4376.591797 0.000000 2063.678467 0.000000 0.000000 0.000000 1.000000 1.000000 1.000000 1.000000
3753.000000 0.000000 3122.000000 0.000000 0.000000 0.000000 1.000000 1.000000 1.000000 1.000000
4005.000000 0.000000 3204.000000 0.000000 0.000000 0.000000 1.000000 1.000000 1.000000 1.000000
4036.000000 0.000000 3004.000000 0.000000 0.000000 0.000000 1.000000 0.750000 0.750000 0.750000
3828.000000 0.000000 1528.000000 0.000000 0.000000 0.000000 1.000000 0.750000 0.750000 0.750000
3715.000000 0.000000 1520.000000 0.000000 0.000000 0.000000 1.000000 0.750000 0.750000 0.750000
3932.000000 0.000000 2447.000000 0.000000 0.000000 0.000000 1.000000 0.750000 0.750000 0.750000
4764.000000 0.000000 2529.000000 0.000000 0.000000 0.000000 1.000000 1.000000 1.000000 1.000000
5077.000000 0.000000 2664.000000 0.000000 0.000000 0.000000 1.000000 0.750000 0.750000 0.750000
4813.000000 0.000000 2891.000000 0.000000 0.000000 0.000000 1.000000 0.750000 0.750000 0.750000
4388.000000 0.000000 2810.000000 0.000000 0.000000 0.000000 1.000000 0.750000 0.750000 0.750000
4376.000000 0.000000 2791.000000 0.000000 0.000000 0.000000 1.000000 1.000000 1.000000 1.000000
4421.000000 0.000000 2881.000000 0.000000 0.000000 0.000000 1.000000 1.000000 1.000000 1.000000
3233.000000 0.000000 2813.000000 0.000000 0.000000 0.000000 1.000000 0.750000 0.750000 0.750000
3219.000000 0.000000 2782.000000 0.000000 0.000000 0.000000 1.000000 0.750000 0.750000 0.750000
3089.000000 0.000000 2738.000000 0.000000 0.000000 0.000000 1.000000 0.750000 0.750000 0.750000
2706.000000 0.000000 2223.000000 0.000000 0.000000 0.000000 1.000000 1.000000 1.000000 1.000000
2785.000000 0.000000 2144.000000 0.000000 0.000000 0.000000 1.000000 0.600000 0.600000 0.600000
2739.000000 0.000000 2071.000000 0.000000 0.000000 0.000000 1.000000 1.000000 1.000000 1.000000
3059.000000 0.000000 2291.000000 0.000000 0.000000 0.000000 1.000000 1.000000 1.000000 1.000000
3068.000000 0.000000 2273.000000 0.000000 0.000000 0.000000 1.000000 0.750000 0.750000 0.750000
4552.000000 0.000000 2206.000000 0.000000 0.000000 0.000000 1.000000 1.000000 1.000000 1.000000
4640.000000 0.000000 2455.000000 0.000000 0.000000 0.000000 1.000000 1.000000 1.000000 1.000000
4720.000000 0.000000 2419.000000 0.000000 0.000000 0.000000 1.000000 1.000000 1.000000 1.000000
3173.000000 0.000000 2080.000000 0.000000 0.000000 0.000000 1.000000 1.000000 1.000000 1.000000
2838.000000 0.000000 1867.000000 0.000000 0.000000 0.000000 1.000000 1.000000 1.000000 1.000000
3400.000000 0.000000 1613.000000 0.000000 0.000000 0.000000 1.000000 1.000000 1.000000 1.000000
3136.000000 0.000000 1751.000000 0.000000 0.000000 0.000000 1.000000 1.000000 1.000000 1.000000
4317.000000 0.000000 1544.000000 0.000000 0.000000 0.000000 1.000000 0.600000 0.600000 0.600000
3772.000000 0.000000 1194.000000 0.000000 0.000000 0.000000 1.000000 0.600000 0.600000 0.600000
3843.000000 0.000000 1168.000000 0.000000 0.000000 0.000000 1.000000 0.600000 0.600000 0.600000
3948.000000 0.000000 1176.000000 0.000000 0.000000 0.000000 1.000000 1.000000 1.000000 1.000000
3815.000000 0.000000 1358.000000 0.000000 0.000000 0.000000 1.000000 1.000000 1.000000 1.000000
3404.000000 0.000000 1177.000000 0.000000 0.000000 0.000000 1.000000 1.000000 1.000000 1.000000
5076.000000 0.000000 1831.000000 0.000000 0.000000 0.000000 1.000000 1.000000 1.000000 1.000000
5346.000000 0.000000 1696.000000 0.000000 0.000000 0.000000 1.000000 0.600000 0.600000 0.600000
5095.000000 0.000000 1427.000000 0.000000 0.000000 0.000000 1.000000 0.750000 0.750000 0.750000
5023.000000 0.000000 1337.000000 0.000000 0.000000 0.000000 1.000000 0.750000 0.750000 0.750000
4726.000000 0.000000 1388.000000 0.000000 0.000000 0.000000 1.000000 0.750000 0.750000 0.750000
4603.000000 0.000000 1249.000000 0.000000 0.000000 0.000000 1.000000 1.000000 1.000000 1.000000
4462.000000 0.000000 1068.000000 0.000000 0.000000 0.000000 1.000000 0.600000 0.600000 0.600000
4917.000000 0.000000 708.000000 0.000000 0.000000 0.000000 1.000000 1.000000 1.000000 1.000000
5158.000000 0.000000 1160.000000 0.000000 0.000000 0.000000 1.000000 0.750000 0.750000 0.750000
5488.000000 0.000000 1479.000000 0.000000 0.000000 0.000000 1.000000 1.000000 1.000000 1.000000
2907.000000 0.000000 3095.000000 0.000000 0.000000 0.000000 1.000000 0.600000 0.600000 0.600000
2864.000000 0.000000 3144.000000 0.000000 0.000000 0.000000 1.000000 0.600000 0.600000 0.600000
5335.000000 0.000000 855.000000 0.000000 0.000000 0.000000 1.000000 0.750000 0.750000 0.750000
5332.000000 0.000000 2395.000000 0.000000 0.000000 0.000000 1.000000 1.000000 1.000000 1.000000
5437.000000 0.000000 2511.000000 0.000000 0.000000 0.000000 1.000000 1.000000 1.000000 1.000000
5167.000000 0.000000 2640.000000 0.000000 0.000000 0.000000 1.000000 1.000000 1.000000 1.000000
5310.000000 0.000000 2196.000000 0.000000 0.000000 0.000000 1.000000 0.750000 0.750000 0.750000
5275.000000 0.000000 2234.000000 0.000000 0.000000 0.000000 1.000000 0.750000 0.750000 0.750000
5098.000000 0.000000 2946.000000 0.000000 0.000000 0.000000 1.000000 0.750000 0.750000 0.750000
5212.000000 0.000000 2743.000000 0.000000 0.000000 0.000000 1.000000 1.000000 1.000000 1.000000
5082.000000 0.000000 3251.000000 0.000000 0.000000 0.000000 1.000000 1.000000 1.000000 1.000000
4691.000000 0.000000 3085.000000 0.000000 0.000000 0.000000 1.000000 0.750000 0.750000 0.750000
3074.000000 0.000000 1958.000000 0.000000 0.000000 0.000000 1.000000 0.750000 0.750000 0.750000
"}
object={
	name="cotc_planet_corrosive_02"
	render_pass=Map
	clamp_to_water_level=no
	generated_content=no
	layer="building_layer"
	entity="cotc_planet_corrosive_02_entity"
	count=76
	transform="4007.460938 0.000000 2730.226074 0.000000 0.000000 0.000000 1.000000 1.000000 1.000000 1.000000
3942.656738 0.000000 2854.626465 0.000000 0.000000 0.000000 1.000000 1.000000 1.000000 1.000000
3835.840576 0.000000 2646.660889 0.000000 0.000000 0.000000 1.000000 1.000000 1.000000 1.000000
3498.911377 0.000000 2549.134521 0.000000 0.000000 0.000000 1.000000 1.000000 1.000000 1.000000
3702.159424 0.000000 2087.277100 0.000000 0.000000 0.000000 1.000000 1.000000 1.000000 1.000000
3933.835938 0.000000 2854.376953 0.000000 0.000000 0.000000 1.000000 0.600000 0.600000 0.600000
4097.155762 0.000000 2018.938477 0.000000 0.000000 0.000000 1.000000 1.000000 1.000000 1.000000
3903.888428 0.000000 2289.933594 0.000000 0.000000 0.000000 1.000000 0.750000 0.750000 0.750000
4102.688965 0.000000 2263.759033 0.000000 0.000000 0.000000 1.000000 0.750000 0.750000 0.750000
4184.563965 0.000000 2214.597412 0.000000 0.000000 0.000000 1.000000 0.750000 0.750000 0.750000
4424.104980 0.000000 1794.665039 0.000000 0.000000 0.000000 1.000000 0.750000 0.750000 0.750000
4711.581055 0.000000 2088.084961 0.000000 0.000000 0.000000 1.000000 0.750000 0.750000 0.750000
4665.581055 0.000000 1831.117310 0.000000 0.000000 0.000000 1.000000 0.750000 0.750000 0.750000
4893.702637 0.000000 2148.038330 0.000000 0.000000 0.000000 1.000000 1.250000 1.250000 1.250000
3970.000000 0.000000 3046.000000 0.000000 0.000000 0.000000 1.000000 1.000000 1.000000 1.000000
4128.000000 0.000000 1744.000000 0.000000 0.000000 0.000000 1.000000 1.000000 1.000000 1.000000
4025.000000 0.000000 1802.000000 0.000000 0.000000 0.000000 1.000000 1.000000 1.000000 1.000000
3790.000000 0.000000 1639.000000 0.000000 0.000000 0.000000 1.000000 0.750000 0.750000 0.750000
4174.000000 0.000000 1512.000000 0.000000 0.000000 0.000000 1.000000 1.000000 1.000000 1.000000
4092.000000 0.000000 2508.000000 0.000000 0.000000 0.000000 1.000000 1.000000 1.000000 1.000000
4134.000000 0.000000 2429.000000 0.000000 0.000000 0.000000 1.000000 0.750000 0.750000 0.750000
4224.000000 0.000000 2513.000000 0.000000 0.000000 0.000000 1.000000 0.750000 0.750000 0.750000
4217.000000 0.000000 2613.000000 0.000000 0.000000 0.000000 1.000000 1.000000 1.000000 1.000000
3864.000000 0.000000 2529.000000 0.000000 0.000000 0.000000 1.000000 1.000000 1.000000 1.000000
3999.000000 0.000000 2630.000000 0.000000 0.000000 0.000000 1.000000 0.750000 0.750000 0.750000
4904.000000 0.000000 2449.000000 0.000000 0.000000 0.000000 1.000000 1.000000 1.000000 1.000000
4865.000000 0.000000 2809.000000 0.000000 0.000000 0.000000 1.000000 0.750000 0.750000 0.750000
4848.000000 0.000000 2620.000000 0.000000 0.000000 0.000000 1.000000 0.750000 0.750000 0.750000
4445.000000 0.000000 2941.000000 0.000000 0.000000 0.000000 1.000000 1.000000 1.000000 1.000000
4490.000000 0.000000 2572.000000 0.000000 0.000000 0.000000 1.000000 0.750000 0.750000 0.750000
4403.000000 0.000000 2540.000000 0.000000 0.000000 0.000000 1.000000 1.000000 1.000000 1.000000
3227.000000 0.000000 2905.000000 0.000000 0.000000 0.000000 1.000000 0.750000 0.750000 0.750000
3358.000000 0.000000 2794.000000 0.000000 0.000000 0.000000 1.000000 1.000000 1.000000 1.000000
3600.000000 0.000000 2961.000000 0.000000 0.000000 0.000000 1.000000 0.750000 0.750000 0.750000
3505.000000 0.000000 2974.000000 0.000000 0.000000 0.000000 1.000000 1.000000 1.000000 1.000000
3278.000000 0.000000 2321.000000 0.000000 0.000000 0.000000 1.000000 1.000000 1.000000 1.000000
3205.000000 0.000000 2444.000000 0.000000 0.000000 0.000000 1.000000 1.000000 1.000000 1.000000
3074.000000 0.000000 2596.000000 0.000000 0.000000 0.000000 1.000000 1.000000 1.000000 1.000000
2801.000000 0.000000 2257.000000 0.000000 0.000000 0.000000 1.000000 1.000000 1.000000 1.000000
2869.000000 0.000000 2296.000000 0.000000 0.000000 0.000000 1.000000 1.000000 1.000000 1.000000
4195.000000 0.000000 2988.000000 0.000000 0.000000 0.000000 1.000000 1.000000 1.000000 1.000000
4456.000000 0.000000 2410.000000 0.000000 0.000000 0.000000 1.000000 1.000000 1.000000 1.000000
3164.000000 0.000000 2005.000000 0.000000 0.000000 0.000000 1.000000 0.750000 0.750000 0.750000
2870.000000 0.000000 1976.000000 0.000000 0.000000 0.000000 1.000000 0.600000 0.600000 0.600000
3456.000000 0.000000 1467.000000 0.000000 0.000000 0.000000 1.000000 1.000000 1.000000 1.000000
4464.000000 0.000000 1328.000000 0.000000 0.000000 0.000000 1.000000 1.000000 1.000000 1.000000
4525.000000 0.000000 1343.000000 0.000000 0.000000 0.000000 1.000000 1.000000 1.000000 1.000000
4547.000000 0.000000 1353.000000 0.000000 0.000000 0.000000 1.000000 1.000000 1.000000 1.000000
4216.000000 0.000000 1343.000000 0.000000 0.000000 0.000000 1.000000 0.600000 0.600000 0.600000
3569.000000 0.000000 1107.000000 0.000000 0.000000 0.000000 1.000000 1.000000 1.000000 1.000000
3394.000000 0.000000 1160.000000 0.000000 0.000000 0.000000 1.000000 0.750000 0.750000 0.750000
5153.000000 0.000000 1791.000000 0.000000 0.000000 0.000000 1.000000 0.750000 0.750000 0.750000
5299.000000 0.000000 1541.000000 0.000000 0.000000 0.000000 1.000000 1.000000 1.000000 1.000000
5330.000000 0.000000 1797.000000 0.000000 0.000000 0.000000 1.000000 1.000000 1.000000 1.000000
4997.000000 0.000000 1567.000000 0.000000 0.000000 0.000000 1.000000 0.750000 0.750000 0.750000
4702.000000 0.000000 1702.000000 0.000000 0.000000 0.000000 1.000000 1.000000 1.000000 1.000000
4718.000000 0.000000 1363.000000 0.000000 0.000000 0.000000 1.000000 1.000000 1.000000 1.000000
4855.000000 0.000000 1248.000000 0.000000 0.000000 0.000000 1.000000 0.600000 0.600000 0.600000
5035.000000 0.000000 1156.000000 0.000000 0.000000 0.000000 1.000000 1.000000 1.000000 1.000000
4431.000000 0.000000 1059.000000 0.000000 0.000000 0.000000 1.000000 1.000000 1.000000 1.000000
4418.000000 0.000000 439.000000 0.000000 0.000000 0.000000 1.000000 0.750000 0.750000 0.750000
4970.000000 0.000000 741.000000 0.000000 0.000000 0.000000 1.000000 1.000000 1.000000 1.000000
4709.000000 0.000000 811.000000 0.000000 0.000000 0.000000 1.000000 1.000000 1.000000 1.000000
5435.000000 0.000000 1626.000000 0.000000 0.000000 0.000000 1.000000 1.000000 1.000000 1.000000
2949.000000 0.000000 3119.000000 0.000000 0.000000 0.000000 1.000000 0.600000 0.600000 0.600000
2429.000000 0.000000 2452.000000 0.000000 0.000000 0.000000 1.000000 1.000000 1.000000 1.000000
2312.000000 0.000000 2488.000000 0.000000 0.000000 0.000000 1.000000 0.600000 0.600000 0.600000
5515.000000 0.000000 677.000000 0.000000 0.000000 0.000000 1.000000 0.750000 0.750000 0.750000
5383.000000 0.000000 3620.000000 0.000000 0.000000 0.000000 1.000000 0.750000 0.750000 0.750000
5215.000000 0.000000 2556.000000 0.000000 0.000000 0.000000 1.000000 1.000000 1.000000 1.000000
5160.000000 0.000000 2464.000000 0.000000 0.000000 0.000000 1.000000 0.750000 0.750000 0.750000
4860.000000 0.000000 3039.000000 0.000000 0.000000 0.000000 1.000000 1.000000 1.000000 1.000000
4971.000000 0.000000 3287.000000 0.000000 0.000000 0.000000 1.000000 0.750000 0.750000 0.750000
4614.000000 0.000000 3166.000000 0.000000 0.000000 0.000000 1.000000 0.600000 0.600000 0.600000
4681.000000 0.000000 3269.000000 0.000000 0.000000 0.000000 1.000000 1.000000 1.000000 1.000000
4563.000000 0.000000 3128.000000 0.000000 0.000000 0.000000 1.000000 1.000000 1.000000 1.000000
"}
object={
	name="cotc_planet_corrosive_03"
	render_pass=Map
	clamp_to_water_level=no
	generated_content=no
	layer="building_layer"
	entity="cotc_planet_corrosive_03_entity"
	count=76
	transform="3540.415527 0.000000 1957.445068 0.000000 0.000000 0.000000 1.000000 1.000000 1.000000 1.000000
3596.301514 0.000000 2703.061279 0.000000 0.000000 0.000000 1.000000 1.000000 1.000000 1.000000
3692.850098 0.000000 2173.571045 0.000000 0.000000 0.000000 1.000000 1.000000 1.000000 1.000000
4114.016602 0.000000 1967.238892 0.000000 0.000000 0.000000 1.000000 0.750000 0.750000 0.750000
4315.287109 0.000000 2017.726318 0.000000 0.000000 0.000000 1.000000 0.750000 0.750000 0.750000
4319.488281 0.000000 1938.967407 0.000000 0.000000 0.000000 1.000000 1.000000 1.000000 1.000000
4258.356445 0.000000 1869.385132 0.000000 0.000000 0.000000 1.000000 0.750000 0.750000 0.750000
3828.828857 0.000000 2298.907227 0.000000 0.000000 0.000000 1.000000 0.750000 0.750000 0.750000
4283.237305 0.000000 2291.717041 0.000000 0.000000 0.000000 1.000000 0.750000 0.750000 0.750000
4625.924316 0.000000 1894.455444 0.000000 0.000000 0.000000 1.000000 1.000000 1.000000 1.000000
4389.974609 0.000000 1677.587158 0.000000 0.000000 0.000000 1.000000 1.000000 1.000000 1.000000
4768.862793 0.000000 1950.701172 0.000000 0.000000 0.000000 1.000000 1.000000 1.000000 1.000000
4454.446289 0.000000 2120.339111 0.000000 0.000000 0.000000 1.000000 1.000000 1.000000 1.000000
3820.000000 0.000000 2876.000000 0.000000 0.000000 0.000000 1.000000 0.750000 0.750000 0.750000
3842.000000 0.000000 3222.000000 0.000000 0.000000 0.000000 1.000000 1.000000 1.000000 1.000000
3876.000000 0.000000 3307.000000 0.000000 0.000000 0.000000 1.000000 0.600000 0.600000 0.600000
3896.000000 0.000000 1606.000000 0.000000 0.000000 0.000000 1.000000 0.600000 0.600000 0.600000
4236.000000 0.000000 1620.000000 0.000000 0.000000 0.000000 1.000000 0.750000 0.750000 0.750000
4196.000000 0.000000 1522.000000 0.000000 0.000000 0.000000 1.000000 0.750000 0.750000 0.750000
4231.000000 0.000000 2451.000000 0.000000 0.000000 0.000000 1.000000 0.750000 0.750000 0.750000
4839.000000 0.000000 2510.000000 0.000000 0.000000 0.000000 1.000000 1.000000 1.000000 1.000000
5019.000000 0.000000 2653.000000 0.000000 0.000000 0.000000 1.000000 1.000000 1.000000 1.000000
5088.000000 0.000000 2619.000000 0.000000 0.000000 0.000000 1.000000 1.000000 1.000000 1.000000
5069.000000 0.000000 2595.000000 0.000000 0.000000 0.000000 1.000000 1.000000 1.000000 1.000000
5100.000000 0.000000 2663.000000 0.000000 0.000000 0.000000 1.000000 0.750000 0.750000 0.750000
4499.000000 0.000000 2689.000000 0.000000 0.000000 0.000000 1.000000 1.000000 1.000000 1.000000
4343.000000 0.000000 2958.000000 0.000000 0.000000 0.000000 1.000000 0.750000 0.750000 0.750000
4438.000000 0.000000 2967.000000 0.000000 0.000000 0.000000 1.000000 1.000000 1.000000 1.000000
4509.000000 0.000000 2578.000000 0.000000 0.000000 0.000000 1.000000 0.750000 0.750000 0.750000
3214.000000 0.000000 3033.000000 0.000000 0.000000 0.000000 1.000000 0.600000 0.600000 0.600000
3319.000000 0.000000 2730.000000 0.000000 0.000000 0.000000 1.000000 0.600000 0.600000 0.600000
3538.000000 0.000000 2883.000000 0.000000 0.000000 0.000000 1.000000 1.000000 1.000000 1.000000
2947.000000 0.000000 2792.000000 0.000000 0.000000 0.000000 1.000000 1.000000 1.000000 1.000000
3107.000000 0.000000 2982.000000 0.000000 0.000000 0.000000 1.000000 1.000000 1.000000 1.000000
3393.000000 0.000000 2361.000000 0.000000 0.000000 0.000000 1.000000 0.750000 0.750000 0.750000
3308.000000 0.000000 2496.000000 0.000000 0.000000 0.000000 1.000000 1.000000 1.000000 1.000000
2898.000000 0.000000 2226.000000 0.000000 0.000000 0.000000 1.000000 1.000000 1.000000 1.000000
2813.000000 0.000000 2334.000000 0.000000 0.000000 0.000000 1.000000 1.000000 1.000000 1.000000
4398.000000 0.000000 2271.000000 0.000000 0.000000 0.000000 1.000000 1.000000 1.000000 1.000000
3550.000000 0.000000 1749.000000 0.000000 0.000000 0.000000 1.000000 1.000000 1.000000 1.000000
3366.000000 0.000000 1908.000000 0.000000 0.000000 0.000000 1.000000 0.750000 0.750000 0.750000
3084.000000 0.000000 1614.000000 0.000000 0.000000 0.000000 1.000000 0.750000 0.750000 0.750000
3003.000000 0.000000 1717.000000 0.000000 0.000000 0.000000 1.000000 1.000000 1.000000 1.000000
3056.000000 0.000000 1532.000000 0.000000 0.000000 0.000000 1.000000 0.600000 0.600000 0.600000
3321.000000 0.000000 1819.000000 0.000000 0.000000 0.000000 1.000000 1.000000 1.000000 1.000000
3297.000000 0.000000 1435.000000 0.000000 0.000000 0.000000 1.000000 0.750000 0.750000 0.750000
4452.000000 0.000000 1404.000000 0.000000 0.000000 0.000000 1.000000 1.000000 1.000000 1.000000
4564.000000 0.000000 1481.000000 0.000000 0.000000 0.000000 1.000000 1.000000 1.000000 1.000000
4304.000000 0.000000 1375.000000 0.000000 0.000000 0.000000 1.000000 1.000000 1.000000 1.000000
4377.000000 0.000000 1191.000000 0.000000 0.000000 0.000000 1.000000 0.600000 0.600000 0.600000
3695.000000 0.000000 1106.000000 0.000000 0.000000 0.000000 1.000000 1.000000 1.000000 1.000000
3827.000000 0.000000 944.000000 0.000000 0.000000 0.000000 1.000000 1.000000 1.000000 1.000000
5308.000000 0.000000 1625.000000 0.000000 0.000000 0.000000 1.000000 1.000000 1.000000 1.000000
5287.000000 0.000000 1615.000000 0.000000 0.000000 0.000000 1.000000 1.000000 1.000000 1.000000
5234.000000 0.000000 1691.000000 0.000000 0.000000 0.000000 1.000000 0.750000 0.750000 0.750000
4834.000000 0.000000 1414.000000 0.000000 0.000000 0.000000 1.000000 0.750000 0.750000 0.750000
4699.000000 0.000000 1149.000000 0.000000 0.000000 0.000000 1.000000 1.000000 1.000000 1.000000
4845.000000 0.000000 1121.000000 0.000000 0.000000 0.000000 1.000000 1.000000 1.000000 1.000000
4952.000000 0.000000 1076.000000 0.000000 0.000000 0.000000 1.000000 1.000000 1.000000 1.000000
4562.000000 0.000000 904.000000 0.000000 0.000000 0.000000 1.000000 0.600000 0.600000 0.600000
4584.000000 0.000000 914.000000 0.000000 0.000000 0.000000 1.000000 1.000000 1.000000 1.000000
4591.000000 0.000000 1058.000000 0.000000 0.000000 0.000000 1.000000 0.750000 0.750000 0.750000
4383.000000 0.000000 1083.000000 0.000000 0.000000 0.000000 1.000000 1.000000 1.000000 1.000000
4930.000000 0.000000 717.000000 0.000000 0.000000 0.000000 1.000000 1.000000 1.000000 1.000000
4842.000000 0.000000 988.000000 0.000000 0.000000 0.000000 1.000000 1.000000 1.000000 1.000000
5094.000000 0.000000 944.000000 0.000000 0.000000 0.000000 1.000000 0.750000 0.750000 0.750000
5468.000000 0.000000 1563.000000 0.000000 0.000000 0.000000 1.000000 0.750000 0.750000 0.750000
5503.000000 0.000000 1722.000000 0.000000 0.000000 0.000000 1.000000 1.000000 1.000000 1.000000
2671.000000 0.000000 3094.000000 0.000000 0.000000 0.000000 1.000000 0.750000 0.750000 0.750000
2545.000000 0.000000 3064.000000 0.000000 0.000000 0.000000 1.000000 0.750000 0.750000 0.750000
2460.000000 0.000000 3033.000000 0.000000 0.000000 0.000000 1.000000 0.750000 0.750000 0.750000
5311.000000 0.000000 3489.000000 0.000000 0.000000 0.000000 1.000000 0.750000 0.750000 0.750000
5315.000000 0.000000 2407.000000 0.000000 0.000000 0.000000 1.000000 0.750000 0.750000 0.750000
5334.000000 0.000000 2701.000000 0.000000 0.000000 0.000000 1.000000 1.000000 1.000000 1.000000
5002.000000 0.000000 2945.000000 0.000000 0.000000 0.000000 1.000000 1.000000 1.000000 1.000000
4755.000000 0.000000 3290.000000 0.000000 0.000000 0.000000 1.000000 1.000000 1.000000 1.000000
"}
