object={
	name="cotc_orange_star"
	render_pass=Map
	clamp_to_water_level=no
	generated_content=no
	layer="building_layer"
	entity="cotc_orange_star_entity"
	count=9
	transform="3782.643066 0.000000 3278.908691 0.000000 0.000000 0.000000 1.000000 3.000000 3.000000 3.000000
3706.656006 0.000000 2444.206543 0.000000 0.000000 0.000000 1.000000 3.000000 3.000000 3.000000
4100.832031 0.000000 2036.135620 0.000000 0.000000 0.000000 1.000000 2.000000 2.000000 2.000000
4278.433594 0.000000 2283.401123 0.000000 0.000000 0.000000 1.000000 3.000000 3.000000 3.000000
4297.554199 0.000000 2124.407715 0.000000 0.000000 0.000000 1.000000 3.000000 3.000000 3.000000
4082.465088 0.000000 2037.046997 0.000000 0.000000 0.000000 1.000000 3.000000 3.000000 3.000000
3780.943604 0.000000 2606.625244 0.000000 0.000000 0.000000 1.000000 3.000000 3.000000 3.000000
4096.983398 0.000000 3499.500000 0.000000 0.000000 0.000000 1.000000 3.000000 3.000000 3.000000
3920.468262 0.000000 3479.611328 0.000000 0.000000 0.000000 1.000000 3.000000 3.000000 3.000000
"}
