object={
	name="cotc_protoplanetary_disk"
	render_pass=Map
	clamp_to_water_level=no
	generated_content=no
	layer="cotc_star_layer"
	entity="cotc_protoplanetary_disk_entity"
	count=43
	transform="5219.500000 -1.000000 1694.500000 0.000000 0.000000 0.000000 1.000000 1.000000 1.000000 1.000000
5306.500000 -1.000000 1525.500000 0.000000 0.000000 0.000000 1.000000 1.000000 1.000000 1.000000
5331.500000 -1.000000 1701.500000 0.000000 0.000000 0.000000 1.000000 1.000000 1.000000 1.000000
5327.500000 -1.000000 1815.500000 0.000000 0.000000 0.000000 1.000000 1.000000 1.000000 1.000000
5018.500000 -1.000000 1558.500000 0.000000 0.000000 0.000000 1.000000 1.000000 1.000000 1.000000
4661.500000 -1.000000 1451.500000 0.000000 0.000000 0.000000 1.000000 1.000000 1.000000 1.000000
4710.500000 -1.000000 1165.500000 0.000000 0.000000 0.000000 1.000000 1.000000 1.000000 1.000000
4730.500000 -1.000000 1241.500000 0.000000 0.000000 0.000000 1.000000 1.000000 1.000000 1.000000
3392.500000 -1.000000 2162.500000 0.000000 0.000000 0.000000 1.000000 1.000000 1.000000 1.000000
2698.500000 -1.000000 2746.500000 0.000000 0.000000 0.000000 1.000000 1.000000 1.000000 1.000000
2624.500000 -1.000000 2699.500000 0.000000 0.000000 0.000000 1.000000 1.000000 1.000000 1.000000
2538.500000 -1.000000 2497.500000 0.000000 0.000000 0.000000 1.000000 1.000000 1.000000 1.000000
2470.500000 -1.000000 2614.500000 0.000000 0.000000 0.000000 1.000000 1.000000 1.000000 1.000000
2553.500000 -1.000000 2862.500000 0.000000 0.000000 0.000000 1.000000 1.000000 1.000000 1.000000
2678.500000 -1.000000 2926.500000 0.000000 0.000000 0.000000 1.000000 1.000000 1.000000 1.000000
4348.510357 -1.000000 703.497500 0.000000 0.000000 0.000000 1.000000 1.000000 1.000000 1.000000
4514.500000 -1.000000 750.500000 0.000000 0.000000 0.000000 1.000000 1.000000 1.000000 1.000000
4213.500000 -1.000000 861.500000 0.000000 0.000000 0.000000 1.000000 1.000000 1.000000 1.000000
4569.500000 -1.000000 917.500000 0.000000 0.000000 0.000000 1.000000 1.000000 1.000000 1.000000
4447.500000 -1.000000 1068.500000 0.000000 0.000000 0.000000 1.000000 1.000000 1.000000 1.000000
4580.500000 -1.000000 1049.500000 0.000000 0.000000 0.000000 1.000000 1.000000 1.000000 1.000000
4376.500000 -1.000000 1091.500000 0.000000 0.000000 0.000000 1.000000 1.000000 1.000000 1.000000
4412.500000 -1.000000 605.500000 0.000000 0.000000 0.000000 1.000000 1.000000 1.000000 1.000000
4987.500000 -1.000000 747.500000 0.000000 0.000000 0.000000 1.000000 1.000000 1.000000 1.000000
4918.500000 -1.000000 714.500000 0.000000 0.000000 0.000000 1.000000 1.000000 1.000000 1.000000
4928.500000 -1.000000 777.500000 0.000000 0.000000 0.000000 1.000000 1.000000 1.000000 1.000000
4726.500000 -1.000000 814.500000 0.000000 0.000000 0.000000 1.000000 1.000000 1.000000 1.000000
5199.500000 -1.000000 808.500000 0.000000 0.000000 0.000000 1.000000 1.000000 1.000000 1.000000
4838.500000 -1.000000 973.500000 0.000000 0.000000 0.000000 1.000000 1.000000 1.000000 1.000000
5111.500000 -1.000000 954.500000 0.000000 0.000000 0.000000 1.000000 1.000000 1.000000 1.000000
5336.500000 -1.000000 1347.500000 0.000000 0.000000 0.000000 1.000000 1.000000 1.000000 1.000000
5140.500000 -1.000000 1060.500000 0.000000 0.000000 0.000000 1.000000 1.000000 1.000000 1.000000
5173.500000 -1.000000 1233.500000 0.000000 0.000000 0.000000 1.000000 1.000000 1.000000 1.000000
5480.500000 -1.000000 1472.500000 0.000000 0.000000 0.000000 1.000000 1.000000 1.000000 1.000000
5477.500000 -1.000000 1564.500000 0.000000 0.000000 0.000000 1.000000 1.000000 1.000000 1.000000
5443.500000 -1.000000 1628.500000 0.000000 0.000000 0.000000 1.000000 1.000000 1.000000 1.000000
5466.500000 -1.000000 1044.500000 0.000000 0.000000 0.000000 1.000000 1.000000 1.000000 1.000000
5501.500000 -1.000000 1724.500000 0.000000 0.000000 0.000000 1.000000 1.000000 1.000000 1.000000
2558.500000 -1.000000 3066.500000 0.000000 0.000000 0.000000 1.000000 1.000000 1.000000 1.000000
5347.500000 -1.000000 851.500000 0.000000 0.000000 0.000000 1.000000 1.000000 1.000000 1.000000
5397.500000 -1.000000 3623.500000 0.000000 0.000000 0.000000 1.000000 1.000000 1.000000 1.000000
5223.500000 -1.000000 3575.500000 0.000000 0.000000 0.000000 1.000000 1.000000 1.000000 1.000000
5316.500000 -1.000000 3504.500000 0.000000 0.000000 0.000000 1.000000 1.000000 1.000000 1.000000
"}
object={
	name="cotc_debris_disk"
	render_pass=Map
	clamp_to_water_level=no
	generated_content=no
	layer="cotc_star_layer"
	entity="cotc_debris_disk_entity"
	count=59
	transform="3448.500000 -1.000000 2784.500000 0.000000 0.000000 0.000000 1.000000 1.000000 1.000000 1.000000
3305.500000 -1.000000 2823.500000 0.000000 0.000000 0.000000 1.000000 1.000000 1.000000 1.000000
3329.500000 -1.000000 3163.500000 0.000000 0.000000 0.000000 1.000000 1.000000 1.000000 1.000000
3213.500000 -1.000000 2363.500000 0.000000 0.000000 0.000000 1.000000 1.000000 1.000000 1.000000
3508.500000 -1.000000 1699.500000 0.000000 0.000000 0.000000 1.000000 1.000000 1.000000 1.000000
3689.300000 -1.000000 3140.000000 0.000000 0.000000 0.000000 1.000000 1.000000 1.000000 1.000000
3377.500000 -1.000000 2461.500000 0.000000 0.000000 0.000000 1.000000 1.000000 1.000000 1.000000
3264.500000 -1.000000 2662.500000 0.000000 0.000000 0.000000 1.000000 1.000000 1.000000 1.000000
3067.500000 -1.000000 2519.500000 0.000000 0.000000 0.000000 1.000000 1.000000 1.000000 1.000000
3150.500000 -1.000000 2578.500000 0.000000 0.000000 0.000000 1.000000 1.000000 1.000000 1.000000
2896.500000 -1.000000 2644.500000 0.000000 0.000000 0.000000 1.000000 1.000000 1.000000 1.000000
3043.500000 -1.000000 2191.500000 0.000000 0.000000 0.000000 1.000000 1.000000 1.000000 1.000000
4139.500000 -1.000000 2935.500000 0.000000 0.000000 0.000000 1.000000 1.000000 1.000000 1.000000
4554.500000 -1.000000 2130.500000 0.000000 0.000000 0.000000 1.000000 1.000000 1.000000 1.000000
4431.500000 -1.000000 2324.500000 0.000000 0.000000 0.000000 1.000000 1.000000 1.000000 1.000000
2811.500000 -1.000000 1993.500000 0.000000 0.000000 0.000000 1.000000 1.000000 1.000000 1.000000
2931.500000 -1.000000 1704.500000 0.000000 0.000000 0.000000 1.000000 1.000000 1.000000 1.000000
3395.500000 -1.000000 1351.500000 0.000000 0.000000 0.000000 1.000000 1.000000 1.000000 1.000000
3050.500000 -1.000000 1806.500000 0.000000 0.000000 0.000000 1.000000 1.000000 1.000000 1.000000
4511.500000 -1.000000 1572.500000 0.000000 0.000000 0.000000 1.000000 1.000000 1.000000 1.000000
4333.500000 -1.000000 1477.500000 0.000000 0.000000 0.000000 1.000000 1.000000 1.000000 1.000000
4165.500000 -1.000000 1223.500000 0.000000 0.000000 0.000000 1.000000 1.000000 1.000000 1.000000
4011.500000 -1.000000 1191.500000 0.000000 0.000000 0.000000 1.000000 1.000000 1.000000 1.000000
3481.500000 -1.000000 1158.500000 0.000000 0.000000 0.000000 1.000000 1.000000 1.000000 1.000000
5437.500000 -1.000000 1795.500000 0.000000 0.000000 0.000000 1.000000 1.000000 1.000000 1.000000
5078.500000 -1.000000 1505.500000 0.000000 0.000000 0.000000 1.000000 1.000000 1.000000 1.000000
5087.500000 -1.000000 1606.500000 0.000000 0.000000 0.000000 1.000000 1.000000 1.000000 1.000000
4759.500000 -1.000000 1654.500000 0.000000 0.000000 0.000000 1.000000 1.000000 1.000000 1.000000
4860.500000 -1.000000 1683.500000 0.000000 0.000000 0.000000 1.000000 1.000000 1.000000 1.000000
4632.500000 -1.000000 1365.500000 0.000000 0.000000 0.000000 1.000000 1.000000 1.000000 1.000000
4672.500000 -1.000000 1091.500000 0.000000 0.000000 0.000000 1.000000 1.000000 1.000000 1.000000
4882.500000 -1.000000 1181.500000 0.000000 0.000000 0.000000 1.000000 1.000000 1.000000 1.000000
4984.500000 -1.000000 1215.500000 0.000000 0.000000 0.000000 1.000000 1.000000 1.000000 1.000000
2622.500000 -1.000000 2787.500000 0.000000 0.000000 0.000000 1.000000 1.000000 1.000000 1.000000
4104.500000 -1.000000 882.500000 0.000000 0.000000 0.000000 1.000000 1.000000 1.000000 1.000000
5477.500000 -1.000000 632.500000 0.000000 0.000000 0.000000 1.000000 1.000000 1.000000 1.000000
5456.500000 -1.000000 3566.500000 0.000000 0.000000 0.000000 1.000000 1.000000 1.000000 1.000000
5398.500000 -1.000000 3462.500000 0.000000 0.000000 0.000000 1.000000 1.000000 1.000000 1.000000
5420.500000 -1.000000 3380.500000 0.000000 0.000000 0.000000 1.000000 1.000000 1.000000 1.000000
5543.500000 -1.000000 3488.500000 0.000000 0.000000 0.000000 1.000000 1.000000 1.000000 1.000000
5600.500000 -1.000000 3372.500000 0.000000 0.000000 0.000000 1.000000 1.000000 1.000000 1.000000
5503.500000 -1.000000 3320.500000 0.000000 0.000000 0.000000 1.000000 1.000000 1.000000 1.000000
5310.500000 -1.000000 3028.500000 0.000000 0.000000 0.000000 1.000000 1.000000 1.000000 1.000000
5421.500000 -1.000000 2439.500000 0.000000 0.000000 0.000000 1.000000 1.000000 1.000000 1.000000
5004.500000 -1.000000 2181.500000 0.000000 0.000000 0.000000 1.000000 1.000000 1.000000 1.000000
5236.500000 -1.000000 2131.500000 0.000000 0.000000 0.000000 1.000000 1.000000 1.000000 1.000000
4920.500000 -1.000000 3090.500000 0.000000 0.000000 0.000000 1.000000 1.000000 1.000000 1.000000
5217.500000 -1.000000 2825.500000 0.000000 0.000000 0.000000 1.000000 1.000000 1.000000 1.000000
4382.500000 -1.000000 3172.500000 0.000000 0.000000 0.000000 1.000000 1.000000 1.000000 1.000000
2717.500000 -1.000000 2624.500000 0.000000 0.000000 0.000000 1.000000 1.000000 1.000000 1.000000
2750.500000 -1.000000 2938.500000 0.000000 0.000000 0.000000 1.000000 1.000000 1.000000 1.000000
4313.500000 -1.000000 768.500000 0.000000 0.000000 0.000000 1.000000 1.000000 1.000000 1.000000
4439.500000 -1.000000 861.500000 0.000000 0.000000 0.000000 1.000000 1.000000 1.000000 1.000000
4162.500000 -1.000000 983.500000 0.000000 0.000000 0.000000 1.000000 1.000000 1.000000 1.000000
5061.500000 -1.000000 836.500000 0.000000 0.000000 0.000000 1.000000 1.000000 1.000000 1.000000
4771.500000 -1.000000 931.500000 0.000000 0.000000 0.000000 1.000000 1.000000 1.000000 1.000000
5375.500000 -1.000000 1177.500000 0.000000 0.000000 0.000000 1.000000 1.000000 1.000000 1.000000
5284.500000 -1.000000 890.500000 0.000000 0.000000 0.000000 1.000000 1.000000 1.000000 1.000000
5408.500000 -1.000000 806.500000 0.000000 0.000000 0.000000 1.000000 1.000000 1.000000 1.000000
"}
