object={
	name="cotc_black_hole"
	render_pass=Map
	clamp_to_water_level=no
	generated_content=no
	layer="building_layer"
	entity="cotc_black_hole_entity"
	count=9
	transform="3013.500000 0.000000 3025.500000 0.000000 0.000000 0.000000 1.000000 2.500000 2.500000 2.500000
2919.500000 0.000000 2449.500000 0.000000 0.000000 0.000000 1.000000 2.500000 2.500000 2.500000
3450.500000 0.000000 1895.500000 0.000000 0.000000 0.000000 1.000000 2.500000 2.500000 2.500000
2939.500000 0.000000 2054.500000 0.000000 0.000000 0.000000 1.000000 2.500000 2.500000 2.500000
3549.500000 0.000000 1018.500000 0.000000 0.000000 0.000000 1.000000 2.500000 2.500000 2.500000
2775.500000 0.000000 3060.500000 0.000000 0.000000 0.000000 1.000000 2.500000 2.500000 2.500000
5117.500000 0.000000 3156.500000 0.000000 0.000000 0.000000 1.000000 2.500000 2.500000 2.500000
4545.500000 0.000000 3240.500000 0.000000 0.000000 0.000000 1.000000 2.500000 2.500000 2.500000
5185.500000 0.000000 1390.500000 0.000000 0.000000 0.000000 1.000000 2.500000 2.500000 2.500000
"}
