object={
	name="cotc_neutron_star"
	render_pass=Map
	clamp_to_water_level=no
	generated_content=no
	layer="building_layer"
	entity="cotc_white_star_entity"
	count=18
	transform="4316.500000 0.000000 2668.500000 0.000000 0.000000 0.000000 1.000000 2.500000 2.500000 2.500000
4441.500000 0.000000 2880.500000 0.000000 0.000000 0.000000 1.000000 2.500000 2.500000 2.500000
3267.500000 0.000000 2955.500000 0.000000 0.000000 0.000000 1.000000 2.500000 2.500000 2.500000
3205.500000 0.000000 2734.500000 0.000000 0.000000 0.000000 1.000000 2.500000 2.500000 2.500000
3222.500000 0.000000 2532.500000 0.000000 0.000000 0.000000 1.000000 2.500000 2.500000 2.500000
2783.500000 0.000000 2491.500000 0.000000 0.000000 0.000000 1.000000 2.500000 2.500000 2.500000
3077.500000 0.000000 2116.500000 0.000000 0.000000 0.000000 1.000000 2.500000 2.500000 2.500000
2669.500000 0.000000 2298.500000 0.000000 0.000000 0.000000 1.000000 2.500000 2.500000 2.500000
4139.500000 0.000000 2872.500000 0.000000 0.000000 0.000000 1.000000 2.500000 2.500000 2.500000
3203.500000 0.000000 1579.500000 0.000000 0.000000 0.000000 1.000000 2.500000 2.500000 2.500000
3095.500000 0.000000 1622.500000 0.000000 0.000000 0.000000 1.000000 2.500000 2.500000 2.500000
3442.500000 0.000000 1459.500000 0.000000 0.000000 0.000000 1.000000 2.500000 2.500000 2.500000
3832.500000 0.000000 1048.500000 0.000000 0.000000 0.000000 1.000000 2.500000 2.500000 2.500000
3424.500000 0.000000 1112.500000 0.000000 0.000000 0.000000 1.000000 2.500000 2.500000 2.500000
5156.500000 0.000000 1782.500000 0.000000 0.000000 0.000000 1.000000 2.500000 2.500000 2.500000
4838.500000 0.000000 3127.500000 0.000000 0.000000 0.000000 1.000000 2.500000 2.500000 2.500000
5086.500000 0.000000 3237.500000 0.000000 0.000000 0.000000 1.000000 2.500000 2.500000 2.500000
4981.500000 0.000000 3276.500000 0.000000 0.000000 0.000000 1.000000 2.500000 2.500000 2.500000
"}
