object={
	name="cotc_planet_barren_01"
	render_pass=Map
	clamp_to_water_level=no
	generated_content=no
	layer="building_layer"
	entity="cotc_planet_barren_01_entity"
	count=17
	transform="3886.379883 0.000000 2687.961914 0.000000 0.000000 0.000000 1.000000 1.000000 1.000000 1.000000
3793.407715 0.000000 2726.761230 0.000000 0.000000 0.000000 1.000000 0.750000 0.750000 0.750000
3594.330078 0.000000 2421.178711 0.000000 0.000000 0.000000 1.000000 1.000000 1.000000 1.000000
3479.583740 0.000000 2639.149902 0.000000 0.000000 0.000000 1.000000 0.750000 0.750000 0.750000
3606.305908 0.000000 2721.133789 0.000000 0.000000 0.000000 1.000000 1.000000 1.000000 1.000000
3549.355225 0.000000 2777.664795 0.000000 0.000000 0.000000 1.000000 1.000000 1.000000 1.000000
3632.144287 0.000000 2095.101074 0.000000 0.000000 0.000000 1.000000 1.000000 1.000000 1.000000
4065.878906 0.000000 2032.261719 0.000000 0.000000 0.000000 1.000000 0.750000 0.750000 0.750000
3769.819580 0.000000 2140.874512 0.000000 0.000000 0.000000 1.000000 1.000000 1.000000 1.000000
4306.490723 0.000000 2132.436768 0.000000 0.000000 0.000000 1.000000 1.000000 1.000000 1.000000
4338.373535 0.000000 1869.974365 0.000000 0.000000 0.000000 1.000000 0.750000 0.750000 0.750000
4000.543945 0.000000 2324.020996 0.000000 0.000000 0.000000 1.000000 1.000000 1.000000 1.000000
4317.974609 0.000000 2217.453369 0.000000 0.000000 0.000000 1.000000 1.000000 1.000000 1.000000
4429.262207 0.000000 1720.655151 0.000000 0.000000 0.000000 1.000000 0.500000 0.500000 0.500000
4719.521484 0.000000 2090.924316 0.000000 0.000000 0.000000 1.000000 1.000000 1.000000 1.000000
4758.089844 0.000000 1820.002808 0.000000 0.000000 0.000000 1.000000 0.500000 0.500000 0.500000
4857.207520 0.000000 2240.920898 0.000000 0.000000 0.000000 1.000000 1.000000 1.000000 1.000000
"}
object={
	name="cotc_planet_barren_02"
	render_pass=Map
	clamp_to_water_level=no
	generated_content=no
	layer="building_layer"
	entity="cotc_planet_barren_02_entity"
	count=18
	transform="3963.314453 0.000000 2791.253418 0.000000 0.000000 0.000000 1.000000 1.000000 1.000000 1.000000
3781.038330 0.000000 2519.793945 0.000000 0.000000 0.000000 1.000000 0.500000 0.500000 0.500000
3637.339844 0.000000 2605.890381 0.000000 0.000000 0.000000 1.000000 0.500000 0.500000 0.500000
3516.376465 0.000000 2565.468750 0.000000 0.000000 0.000000 1.000000 1.000000 1.000000 1.000000
3599.720215 0.000000 2513.699951 0.000000 0.000000 0.000000 1.000000 0.500000 0.500000 0.500000
3600.726807 0.000000 2859.707031 0.000000 0.000000 0.000000 1.000000 0.750000 0.750000 0.750000
3559.389404 0.000000 1945.757690 0.000000 0.000000 0.000000 1.000000 0.750000 0.750000 0.750000
3665.938721 0.000000 2182.316406 0.000000 0.000000 0.000000 1.000000 0.500000 0.500000 0.500000
3639.125732 0.000000 2283.565918 0.000000 0.000000 0.000000 1.000000 1.000000 1.000000 1.000000
4161.558594 0.000000 2066.047852 0.000000 0.000000 0.000000 1.000000 1.000000 1.000000 1.000000
4204.848633 0.000000 1938.698242 0.000000 0.000000 0.000000 1.000000 0.500000 0.500000 0.500000
4105.277344 0.000000 2313.529785 0.000000 0.000000 0.000000 1.000000 0.750000 0.750000 0.750000
4216.780273 0.000000 2239.222900 0.000000 0.000000 0.000000 1.000000 1.000000 1.000000 1.000000
4449.588867 0.000000 1943.854492 0.000000 0.000000 0.000000 1.000000 1.000000 1.000000 1.000000
4404.506836 0.000000 1664.461060 0.000000 0.000000 0.000000 1.000000 1.000000 1.000000 1.000000
4770.287109 0.000000 1943.722290 0.000000 0.000000 0.000000 1.000000 0.500000 0.500000 0.500000
4840.987305 0.000000 1853.071411 0.000000 0.000000 0.000000 1.000000 0.750000 0.750000 0.750000
4860.964355 0.000000 2250.191895 0.000000 0.000000 0.000000 1.000000 0.500000 0.500000 0.500000
"}
object={
	name="cotc_planet_barren_03"
	render_pass=Map
	clamp_to_water_level=no
	generated_content=no
	layer="building_layer"
	entity="cotc_planet_barren_03_entity"
	count=18
	transform="4067.822266 0.000000 2815.471436 0.000000 0.000000 0.000000 1.000000 1.000000 1.000000 1.000000
3872.411133 0.000000 2744.995605 0.000000 0.000000 0.000000 1.000000 1.000000 1.000000 1.000000
3729.550781 0.000000 2781.289062 0.000000 0.000000 0.000000 1.000000 1.000000 1.000000 1.000000
3683.404053 0.000000 2703.590820 0.000000 0.000000 0.000000 1.000000 1.000000 1.000000 1.000000
3462.143066 0.000000 2620.819580 0.000000 0.000000 0.000000 1.000000 1.000000 1.000000 1.000000
3573.989258 0.000000 2541.740234 0.000000 0.000000 0.000000 1.000000 1.000000 1.000000 1.000000
3612.866943 0.000000 2783.833984 0.000000 0.000000 0.000000 1.000000 1.000000 1.000000 1.000000
3653.001953 0.000000 2797.647217 0.000000 0.000000 0.000000 1.000000 0.750000 0.750000 0.750000
3600.922607 0.000000 1906.681030 0.000000 0.000000 0.000000 1.000000 1.000000 1.000000 1.000000
4304.357910 0.000000 1953.688232 0.000000 0.000000 0.000000 1.000000 1.000000 1.000000 1.000000
4115.392090 0.000000 2269.237793 0.000000 0.000000 0.000000 1.000000 0.750000 0.750000 0.750000
4204.461914 0.000000 2343.385498 0.000000 0.000000 0.000000 1.000000 0.750000 0.750000 0.750000
4457.357422 0.000000 1948.832031 0.000000 0.000000 0.000000 1.000000 0.500000 0.500000 0.500000
4355.189941 0.000000 1746.837524 0.000000 0.000000 0.000000 1.000000 0.750000 0.750000 0.750000
4767.569336 0.000000 2042.541138 0.000000 0.000000 0.000000 1.000000 0.750000 0.750000 0.750000
4902.685547 0.000000 1920.811035 0.000000 0.000000 0.000000 1.000000 0.750000 0.750000 0.750000
4460.302246 0.000000 2009.708984 0.000000 0.000000 0.000000 1.000000 1.000000 1.000000 1.000000
4898.055664 0.000000 2155.457275 0.000000 0.000000 0.000000 1.000000 0.750000 0.750000 0.750000
"}
object={
	name="cotc_planet_barren_04"
	render_pass=Map
	clamp_to_water_level=no
	generated_content=no
	layer="building_layer"
	entity="cotc_planet_barren_04_entity"
	count=16
	transform="3553.550781 0.000000 2770.605713 0.000000 0.000000 0.000000 1.000000 0.500000 0.500000 0.500000
3631.958008 0.000000 2104.241699 0.000000 0.000000 0.000000 1.000000 0.500000 0.500000 0.500000
4067.115234 0.000000 2778.314453 0.000000 0.000000 0.000000 1.000000 0.750000 0.750000 0.750000
3673.634521 0.000000 2187.109375 0.000000 0.000000 0.000000 1.000000 1.000000 1.000000 1.000000
3554.396240 0.000000 2332.552246 0.000000 0.000000 0.000000 1.000000 0.500000 0.500000 0.500000
4331.214355 0.000000 2024.492798 0.000000 0.000000 0.000000 1.000000 0.750000 0.750000 0.750000
4203.988770 0.000000 1946.642456 0.000000 0.000000 0.000000 1.000000 1.000000 1.000000 1.000000
3803.697754 0.000000 2316.436523 0.000000 0.000000 0.000000 1.000000 1.000000 1.000000 1.000000
3903.448975 0.000000 2272.928467 0.000000 0.000000 0.000000 1.000000 1.000000 1.000000 1.000000
4255.521973 0.000000 2282.739014 0.000000 0.000000 0.000000 1.000000 1.000000 1.000000 1.000000
4541.942871 0.000000 1847.979004 0.000000 0.000000 0.000000 1.000000 0.500000 0.500000 0.500000
4547.215820 0.000000 1937.437622 0.000000 0.000000 0.000000 1.000000 1.000000 1.000000 1.000000
4336.136230 0.000000 1723.705566 0.000000 0.000000 0.000000 1.000000 1.000000 1.000000 1.000000
4654.716797 0.000000 1808.490234 0.000000 0.000000 0.000000 1.000000 0.750000 0.750000 0.750000
4888.594238 0.000000 1927.955933 0.000000 0.000000 0.000000 1.000000 0.500000 0.500000 0.500000
4440.990234 0.000000 2098.254395 0.000000 0.000000 0.000000 1.000000 0.750000 0.750000 0.750000
"}
object={
	name="cotc_planet_barren_05"
	render_pass=Map
	clamp_to_water_level=no
	generated_content=no
	layer="building_layer"
	entity="cotc_planet_barren_05_entity"
	count=22
	transform="3725.925537 0.000000 2084.327637 0.000000 0.000000 0.000000 1.000000 1.000000 1.000000 1.000000
3550.532959 0.000000 2328.094971 0.000000 0.000000 0.000000 1.000000 1.000000 1.000000 1.000000
3775.518311 0.000000 2585.129639 0.000000 0.000000 0.000000 1.000000 1.000000 1.000000 1.000000
3695.653320 0.000000 2451.649658 0.000000 0.000000 0.000000 1.000000 0.750000 0.750000 0.750000
3821.628418 0.000000 2663.644775 0.000000 0.000000 0.000000 1.000000 0.500000 0.500000 0.500000
3803.354492 0.000000 2721.578613 0.000000 0.000000 0.000000 1.000000 0.750000 0.750000 0.750000
3765.762695 0.000000 2573.019043 0.000000 0.000000 0.000000 1.000000 0.750000 0.750000 0.750000
3701.783691 0.000000 2539.287598 0.000000 0.000000 0.000000 1.000000 0.750000 0.750000 0.750000
4115.342773 0.000000 2043.792114 0.000000 0.000000 0.000000 1.000000 1.000000 1.000000 1.000000
4309.717773 0.000000 2124.929688 0.000000 0.000000 0.000000 1.000000 0.750000 0.750000 0.750000
4256.469727 0.000000 2027.964600 0.000000 0.000000 0.000000 1.000000 0.500000 0.500000 0.500000
4279.259766 0.000000 1836.635620 0.000000 0.000000 0.000000 1.000000 0.500000 0.500000 0.500000
3936.581543 0.000000 2311.540527 0.000000 0.000000 0.000000 1.000000 0.500000 0.500000 0.500000
4008.266602 0.000000 2355.801270 0.000000 0.000000 0.000000 1.000000 1.000000 1.000000 1.000000
4536.677246 0.000000 1834.855591 0.000000 0.000000 0.000000 1.000000 0.500000 0.500000 0.500000
4608.970703 0.000000 1913.306274 0.000000 0.000000 0.000000 1.000000 0.750000 0.750000 0.750000
4564.041504 0.000000 1731.442749 0.000000 0.000000 0.000000 1.000000 1.000000 1.000000 1.000000
4650.959473 0.000000 1815.387207 0.000000 0.000000 0.000000 1.000000 1.000000 1.000000 1.000000
4735.745117 0.000000 1817.302734 0.000000 0.000000 0.000000 1.000000 1.000000 1.000000 1.000000
4900.283203 0.000000 2050.872559 0.000000 0.000000 0.000000 1.000000 1.000000 1.000000 1.000000
4384.895508 0.000000 2067.035156 0.000000 0.000000 0.000000 1.000000 0.500000 0.500000 0.500000
4886.125000 0.000000 2143.252197 0.000000 0.000000 0.000000 1.000000 0.500000 0.500000 0.500000
"}
