object={
	name="cotc_planet_carbon_01"
	render_pass=Map
	clamp_to_water_level=no
	generated_content=no
	layer="cotc_planet_layer"
	entity="cotc_planet_carbon_01_entity"
	count=8
	transform="
4971.000000 0.000000 3287.000000 0.000000 0.000000 0.000000 1.000000 0.750000 0.750000 0.750000
4816.000000 0.000000 3129.000000 0.000000 0.000000 0.000000 1.000000 1.000000 1.000000 1.000000
2545.000000 0.000000 3064.000000 0.000000 0.000000 0.000000 1.000000 0.750000 0.750000 0.750000
3456.000000 0.000000 1467.000000 0.000000 0.000000 0.000000 1.000000 1.000000 1.000000 1.000000
3084.000000 0.000000 1614.000000 0.000000 0.000000 0.000000 1.000000 0.750000 0.750000 0.750000
2663.000000 0.000000 2287.000000 0.000000 0.000000 0.000000 1.000000 0.750000 0.750000 0.750000
3205.000000 0.000000 2747.000000 0.000000 0.000000 0.000000 1.000000 1.000000 1.000000 1.000000
3876.000000 0.000000 3307.000000 0.000000 0.000000 0.000000 1.000000 0.600000 0.600000 0.600000
"}
object={
	name="cotc_planet_carbon_02"
	render_pass=Map
	clamp_to_water_level=no
	generated_content=no
	layer="cotc_planet_layer"
	entity="cotc_planet_carbon_02_entity"
	count=7
	transform="
4421.000000 0.000000 2881.000000 0.000000 0.000000 0.000000 1.000000 1.000000 1.000000 1.000000
2664.000000 0.000000 2307.000000 0.000000 0.000000 0.000000 1.000000 0.750000 0.750000 0.750000
3184.000000 0.000000 1576.000000 0.000000 0.000000 0.000000 1.000000 1.000000 1.000000 1.000000
5153.000000 0.000000 1791.000000 0.000000 0.000000 0.000000 1.000000 0.750000 0.750000 0.750000
5082.000000 0.000000 3251.000000 0.000000 0.000000 0.000000 1.000000 1.000000 1.000000 1.000000
5307.000000 0.000000 3515.000000 0.000000 0.000000 0.000000 1.000000 1.000000 1.000000 1.000000
3822.000000 0.000000 1051.000000 0.000000 0.000000 0.000000 1.000000 1.000000 1.000000 1.000000
"}
