object={
	name="cotc_planet_frozen_01"
	render_pass=Map
	clamp_to_water_level=no
	generated_content=no
	layer="building_layer"
	entity="cotc_planet_frozen_01_entity"
	count=13
	transform="3941.500000 0.000000 2798.518799 0.000000 0.000000 0.000000 1.000000 1.000000 1.000000 1.000000
3876.954102 0.000000 2721.599365 0.000000 0.000000 0.000000 1.000000 0.500000 0.500000 0.500000
3665.757080 0.000000 2724.468506 0.000000 0.000000 0.000000 1.000000 1.000000 1.000000 1.000000
3647.716064 0.000000 2484.240234 0.000000 0.000000 0.000000 1.000000 1.000000 1.000000 1.000000
3608.401367 0.000000 2071.969971 0.000000 0.000000 0.000000 1.000000 0.750000 0.750000 0.750000
4186.635254 0.000000 2058.256592 0.000000 0.000000 0.000000 1.000000 0.750000 0.750000 0.750000
4280.822754 0.000000 1938.278442 0.000000 0.000000 0.000000 1.000000 0.750000 0.750000 0.750000
4033.324219 0.000000 2333.423828 0.000000 0.000000 0.000000 1.000000 0.750000 0.750000 0.750000
4509.643555 0.000000 1833.713989 0.000000 0.000000 0.000000 1.000000 0.750000 0.750000 0.750000
4486.691895 0.000000 1698.194336 0.000000 0.000000 0.000000 1.000000 0.750000 0.750000 0.750000
4655.139648 0.000000 1978.675049 0.000000 0.000000 0.000000 1.000000 0.750000 0.750000 0.750000
4651.112793 0.000000 1848.673828 0.000000 0.000000 0.000000 1.000000 0.750000 0.750000 0.750000
4805.619629 0.000000 2312.647461 0.000000 0.000000 0.000000 1.000000 1.000000 1.000000 1.000000
"}
object={
	name="cotc_planet_frozen_02"
	render_pass=Map
	clamp_to_water_level=no
	generated_content=no
	layer="building_layer"
	entity="cotc_planet_frozen_02_entity"
	count=15
	transform="4093.775146 0.000000 2705.559570 0.000000 0.000000 0.000000 1.000000 0.750000 0.750000 0.750000
3955.734131 0.000000 2757.421875 0.000000 0.000000 0.000000 1.000000 0.750000 0.750000 0.750000
3782.459473 0.000000 2712.563721 0.000000 0.000000 0.000000 1.000000 0.500000 0.500000 0.500000
3775.181641 0.000000 2507.806152 0.000000 0.000000 0.000000 1.000000 1.000000 1.000000 1.000000
3634.523926 0.000000 2594.313721 0.000000 0.000000 0.000000 1.000000 0.750000 0.750000 0.750000
3577.755371 0.000000 2435.490723 0.000000 0.000000 0.000000 1.000000 1.000000 1.000000 1.000000
3546.873047 0.000000 2804.077148 0.000000 0.000000 0.000000 1.000000 1.000000 1.000000 1.000000
3598.471924 0.000000 2083.698975 0.000000 0.000000 0.000000 1.000000 0.750000 0.750000 0.750000
4171.575195 0.000000 1910.708008 0.000000 0.000000 0.000000 1.000000 0.750000 0.750000 0.750000
4190.178711 0.000000 2344.406982 0.000000 0.000000 0.000000 1.000000 0.750000 0.750000 0.750000
4473.938477 0.000000 1944.091553 0.000000 0.000000 0.000000 1.000000 0.750000 0.750000 0.750000
4366.595215 0.000000 1718.630005 0.000000 0.000000 0.000000 1.000000 1.000000 1.000000 1.000000
4741.203613 0.000000 1932.735352 0.000000 0.000000 0.000000 1.000000 1.000000 1.000000 1.000000
4472.807129 0.000000 2031.268921 0.000000 0.000000 0.000000 1.000000 1.000000 1.000000 1.000000
4781.185059 0.000000 2243.150146 0.000000 0.000000 0.000000 1.000000 0.750000 0.750000 0.750000
"}
object={
	name="cotc_planet_frozen_03"
	render_pass=Map
	clamp_to_water_level=no
	generated_content=no
	layer="building_layer"
	entity="cotc_planet_frozen_03_entity"
	count=14
	transform="3577.765137 0.000000 2241.170410 0.000000 0.000000 0.000000 1.000000 0.750000 0.750000 0.750000
3734.612305 0.000000 2271.071045 0.000000 0.000000 0.000000 1.000000 0.500000 0.500000 0.500000
3688.051025 0.000000 2150.078613 0.000000 0.000000 0.000000 1.000000 0.750000 0.750000 0.750000
3571.953369 0.000000 2259.386475 0.000000 0.000000 0.000000 1.000000 1.000000 1.000000 1.000000
3725.528320 0.000000 2284.812744 0.000000 0.000000 0.000000 1.000000 0.750000 0.750000 0.750000
3699.873779 0.000000 2892.194092 0.000000 0.000000 0.000000 1.000000 1.000000 1.000000 1.000000
3933.178955 0.000000 2275.281250 0.000000 0.000000 0.000000 1.000000 1.000000 1.000000 1.000000
4276.725098 0.000000 2309.940674 0.000000 0.000000 0.000000 1.000000 1.000000 1.000000 1.000000
4455.701172 0.000000 1925.337891 0.000000 0.000000 0.000000 1.000000 1.000000 1.000000 1.000000
4358.654297 0.000000 1671.154053 0.000000 0.000000 0.000000 1.000000 0.500000 0.500000 0.500000
4747.670410 0.000000 1926.367798 0.000000 0.000000 0.000000 1.000000 0.500000 0.500000 0.500000
4596.854492 0.000000 2043.387451 0.000000 0.000000 0.000000 1.000000 0.500000 0.500000 0.500000
4437.894531 0.000000 2034.402832 0.000000 0.000000 0.000000 1.000000 0.500000 0.500000 0.500000
4784.784180 0.000000 2230.125732 0.000000 0.000000 0.000000 1.000000 0.500000 0.500000 0.500000
"}
object={
	name="cotc_planet_frozen_04"
	render_pass=Map
	clamp_to_water_level=no
	generated_content=no
	layer="building_layer"
	entity="cotc_planet_frozen_04_entity"
	count=13
	transform="3600.499756 0.000000 2005.110596 0.000000 0.000000 0.000000 1.000000 1.000000 1.000000 1.000000
3560.871338 0.000000 2126.446289 0.000000 0.000000 0.000000 1.000000 0.750000 0.750000 0.750000
3547.703369 0.000000 2130.767334 0.000000 0.000000 0.000000 1.000000 0.500000 0.500000 0.500000
3780.147461 0.000000 2166.875488 0.000000 0.000000 0.000000 1.000000 0.500000 0.500000 0.500000
3575.924316 0.000000 2725.225586 0.000000 0.000000 0.000000 1.000000 0.750000 0.750000 0.750000
4256.799805 0.000000 2017.231323 0.000000 0.000000 0.000000 1.000000 0.750000 0.750000 0.750000
4305.762207 0.000000 2276.142334 0.000000 0.000000 0.000000 1.000000 0.750000 0.750000 0.750000
4539.025391 0.000000 1907.835449 0.000000 0.000000 0.000000 1.000000 0.750000 0.750000 0.750000
4549.067871 0.000000 1720.386230 0.000000 0.000000 0.000000 1.000000 0.750000 0.750000 0.750000
4310.868652 0.000000 1673.113281 0.000000 0.000000 0.000000 1.000000 0.750000 0.750000 0.750000
4780.302246 0.000000 2014.488403 0.000000 0.000000 0.000000 1.000000 1.000000 1.000000 1.000000
4681.136230 0.000000 1821.036499 0.000000 0.000000 0.000000 1.000000 1.000000 1.000000 1.000000
4887.962402 0.000000 2241.643799 0.000000 0.000000 0.000000 1.000000 1.000000 1.000000 1.000000
"}
