object={
	name="cotc_debris_disk_star"
	render_pass=Map
	clamp_to_water_level=no
	generated_content=no
	layer="building_layer"
	entity="cotc_red_star_entity"
	count=59
	transform="3448.500000 0.000000 2784.500000 0.000000 0.000000 0.000000 1.000000 1.500000 1.500000 1.500000
3305.500000 0.000000 2823.500000 0.000000 0.000000 0.000000 1.000000 1.500000 1.500000 1.500000
3329.500000 0.000000 3163.500000 0.000000 0.000000 0.000000 1.000000 1.500000 1.500000 1.500000
3213.500000 0.000000 2363.500000 0.000000 0.000000 0.000000 1.000000 1.500000 1.500000 1.500000
3508.500000 0.000000 1699.500000 0.000000 0.000000 0.000000 1.000000 1.500000 1.500000 1.500000
3689.300000 0.000000 3140.000000 0.000000 0.000000 0.000000 1.000000 1.500000 1.500000 1.500000
3377.500000 0.000000 2461.500000 0.000000 0.000000 0.000000 1.000000 1.500000 1.500000 1.500000
3264.500000 0.000000 2662.500000 0.000000 0.000000 0.000000 1.000000 1.500000 1.500000 1.500000
3067.500000 0.000000 2519.500000 0.000000 0.000000 0.000000 1.000000 1.500000 1.500000 1.500000
3150.500000 0.000000 2578.500000 0.000000 0.000000 0.000000 1.000000 1.500000 1.500000 1.500000
2896.500000 0.000000 2644.500000 0.000000 0.000000 0.000000 1.000000 1.500000 1.500000 1.500000
3043.500000 0.000000 2191.500000 0.000000 0.000000 0.000000 1.000000 1.500000 1.500000 1.500000
4139.500000 0.000000 2935.500000 0.000000 0.000000 0.000000 1.000000 1.500000 1.500000 1.500000
4554.500000 0.000000 2130.500000 0.000000 0.000000 0.000000 1.000000 1.500000 1.500000 1.500000
4431.500000 0.000000 2324.500000 0.000000 0.000000 0.000000 1.000000 1.500000 1.500000 1.500000
2811.500000 0.000000 1993.500000 0.000000 0.000000 0.000000 1.000000 1.500000 1.500000 1.500000
2931.500000 0.000000 1704.500000 0.000000 0.000000 0.000000 1.000000 1.500000 1.500000 1.500000
3395.500000 0.000000 1351.500000 0.000000 0.000000 0.000000 1.000000 1.500000 1.500000 1.500000
3050.500000 0.000000 1806.500000 0.000000 0.000000 0.000000 1.000000 1.500000 1.500000 1.500000
4511.500000 0.000000 1572.500000 0.000000 0.000000 0.000000 1.000000 1.500000 1.500000 1.500000
4333.500000 0.000000 1477.500000 0.000000 0.000000 0.000000 1.000000 1.500000 1.500000 1.500000
4165.500000 0.000000 1223.500000 0.000000 0.000000 0.000000 1.000000 1.500000 1.500000 1.500000
4011.500000 0.000000 1191.500000 0.000000 0.000000 0.000000 1.000000 1.500000 1.500000 1.500000
3481.500000 0.000000 1158.500000 0.000000 0.000000 0.000000 1.000000 1.500000 1.500000 1.500000
5437.500000 0.000000 1795.500000 0.000000 0.000000 0.000000 1.000000 1.500000 1.500000 1.500000
5078.500000 0.000000 1505.500000 0.000000 0.000000 0.000000 1.000000 1.500000 1.500000 1.500000
5087.500000 0.000000 1606.500000 0.000000 0.000000 0.000000 1.000000 1.500000 1.500000 1.500000
4759.500000 0.000000 1654.500000 0.000000 0.000000 0.000000 1.000000 1.500000 1.500000 1.500000
4860.500000 0.000000 1683.500000 0.000000 0.000000 0.000000 1.000000 1.500000 1.500000 1.500000
4632.500000 0.000000 1365.500000 0.000000 0.000000 0.000000 1.000000 1.500000 1.500000 1.500000
4672.500000 0.000000 1091.500000 0.000000 0.000000 0.000000 1.000000 1.500000 1.500000 1.500000
4882.500000 0.000000 1181.500000 0.000000 0.000000 0.000000 1.000000 1.500000 1.500000 1.500000
4984.500000 0.000000 1215.500000 0.000000 0.000000 0.000000 1.000000 1.500000 1.500000 1.500000
2622.500000 0.000000 2787.500000 0.000000 0.000000 0.000000 1.000000 1.500000 1.500000 1.500000
4104.500000 0.000000 882.500000 0.000000 0.000000 0.000000 1.000000 1.500000 1.500000 1.500000
5477.500000 0.000000 632.500000 0.000000 0.000000 0.000000 1.000000 1.500000 1.500000 1.500000
5456.500000 0.000000 3566.500000 0.000000 0.000000 0.000000 1.000000 1.500000 1.500000 1.500000
5398.500000 0.000000 3462.500000 0.000000 0.000000 0.000000 1.000000 1.500000 1.500000 1.500000
5420.500000 0.000000 3380.500000 0.000000 0.000000 0.000000 1.000000 1.500000 1.500000 1.500000
5543.500000 0.000000 3488.500000 0.000000 0.000000 0.000000 1.000000 1.500000 1.500000 1.500000
5600.500000 0.000000 3372.500000 0.000000 0.000000 0.000000 1.000000 1.500000 1.500000 1.500000
5503.500000 0.000000 3320.500000 0.000000 0.000000 0.000000 1.000000 1.500000 1.500000 1.500000
5310.500000 0.000000 3028.500000 0.000000 0.000000 0.000000 1.000000 1.500000 1.500000 1.500000
5421.500000 0.000000 2439.500000 0.000000 0.000000 0.000000 1.000000 1.500000 1.500000 1.500000
5004.500000 0.000000 2181.500000 0.000000 0.000000 0.000000 1.000000 1.500000 1.500000 1.500000
5236.500000 0.000000 2131.500000 0.000000 0.000000 0.000000 1.000000 1.500000 1.500000 1.500000
4920.500000 0.000000 3090.500000 0.000000 0.000000 0.000000 1.000000 1.500000 1.500000 1.500000
5217.500000 0.000000 2825.500000 0.000000 0.000000 0.000000 1.000000 1.500000 1.500000 1.500000
4382.500000 0.000000 3172.500000 0.000000 0.000000 0.000000 1.000000 1.500000 1.500000 1.500000
2717.500000 0.000000 2624.500000 0.000000 0.000000 0.000000 1.000000 1.500000 1.500000 1.500000
2750.500000 0.000000 2938.500000 0.000000 0.000000 0.000000 1.000000 1.500000 1.500000 1.500000
4313.500000 0.000000 768.500000 0.000000 0.000000 0.000000 1.000000 1.500000 1.500000 1.500000
4439.500000 0.000000 861.500000 0.000000 0.000000 0.000000 1.000000 1.500000 1.500000 1.500000
4162.500000 0.000000 983.500000 0.000000 0.000000 0.000000 1.000000 1.500000 1.500000 1.500000
5061.500000 0.000000 836.500000 0.000000 0.000000 0.000000 1.000000 1.500000 1.500000 1.500000
4771.500000 0.000000 931.500000 0.000000 0.000000 0.000000 1.000000 1.500000 1.500000 1.500000
5375.500000 0.000000 1177.500000 0.000000 0.000000 0.000000 1.000000 1.500000 1.500000 1.500000
5284.500000 0.000000 890.500000 0.000000 0.000000 0.000000 1.000000 1.500000 1.500000 1.500000
5408.500000 0.000000 806.500000 0.000000 0.000000 0.000000 1.000000 1.500000 1.500000 1.500000
"}
